388
27
250
776
416
24
973
420
326
459
394
147
849
952
550
558
751
793
360
452
4
381
212
756
984
831
974
319
211
67
923
887
561
559
112
151
831
595
867
492
987
418
939
812
558
475
920
897
900
582
207
512
505
223
241
494
961
153
422
955
949
585
865
520
989
217
709
19
539
385
537
792
563
833
501
733
288
608
963
187
284
652
195
613
437
962
883
43
92
42
546
500
152
474
449
554
772
152
384
203
50
847
486
201
858
950
53
185
346
93
896
488
387
736
102
928
878
345
461
84
994
165
792
535
590
815
556
3
43
151
763
548
8
433
390
728
766
328
311
259
493
146
524
776
255
141
130
710
99
739
681
216
781
500
618
867
229
691
707
542
498
838
212
394
522
10
717
564
953
158
210
275
632
659
296
151
500
280
287
178
513
303
361
696
930
390
966
857
964
598
275
231
132
881
321
162
890
711
371
500
646
410
698
104
123
789
775
641
235
139
533
900
252
612
435
169
685
492
522
888
622
32
487
261
239
848
954
975
22
343
317
775
370
690
203
378
260
107
640
656
199
807
577
138
855
710
423
407
856
566
724
838
432
434
208
269
677
822
927
298
348
924
424
487
482
646
904
750
738
655
683
737
367
419
875
976
51
113
283
369
77
944
489
871
819
711
423
756
129
784
804
564
433
204
414
923
104
561
987
159
710
947
548
607
340
478
629
252
506
17
765
401
756
800
748
705
403
982
966
875
787
495
692
20
242
880
122
226
720
763
331
42
998
966
523
382
957
593
790
95
548
880
526
713
861
144
383
286
736
303
310
172
932
350
120
411
470
852
31
465
47
684
619
650
354
376
10
37
414
149
525
127
704
573
339
697
188
831
554
377
505
473
258
379
882
318
896
30
475
491
941
360
904
328
487
728
462
575
998
1000
413
906
749
787
900
442
93
668
570
548
905
970
861
492
780
821
516
413
571
401
280
378
296
758
666
807
318
43
936
905
648
819
748
721
654
475
523
830
527
270
135
31
823
610
146
568
434
9
543
813
447
865
373
830
924
425
480
539
981
654
56
706
177
438
777
765
385
942
364
966
22
600
579
178
917
598
373
118
892
847
912
943
777
520
376
573
233
256
586
314
615
638
300
998
714
455
361
782
99
902
937
871
813
141
421
139
70
527
689
765
205
891
456
394
356
488
370
71
280
800
993
493
583
567
74
741
970
386
456
885
435
353
627
983
244
507
689
961
385
8
497
866
276
559
252
539
934
649
371
263
969
523
803
14
993
832
188
898
565
345
315
761
781
853
548
678
782
493
765
999
976
679
336
457
653
456
466
114
269
436
794
25
849
21
622
388
169
314
177
637
709
898
492
937
3
180
212
865
530
20
802
715
174
669
413
311
465
841
36
907
871
40
250
972
791
280
679
761
980
186
712
805
986
730
101
248
986
936
64
598
182
403
251
878
323
926
393
142
755
96
993
862
727
675
812
395
309
468
442
321
245
641
189
248
568
925
559
636
90
948
9
407
74
608
659
97
248
889
874
401
619
263
399
912
46
312
422
58
298
881
474
97
797
631
613
757
66
745
841
144
900
862
355
820
130
524
602
352
260
286
589
480
593
774
618
419
844
741
752
461
766
941
370
224
950
395
506
61
618
51
961
390
800
816
338
512
650
900
959
666
943
872
1000
980
268
976
104
524
556
715
134
515
43
254
287
408
501
197
1000
160
61
892
494
302
338
236
128
691
581
670
638
693
100
417
495
969
144
83
555
471
898
69
310
663
633
818
950
195
525
323
686
932
29
702
579
178
868
310
825
712
188
894
175
607
753
455
603
727
573
757
20
79
594
132
739
231
889
19
377
972
47
816
351
52
593
308
652
152
959
507
458
929
648
23
344
741
727
71
312
737
755
253
856
272
61
991
286
810
278
637
891
697
108
272
920
344
875
459
982
407
929
590
255
640
988
692
744
211
275
844
541
957
535
281
443
547
990
549
11
933
858
369
106
170
229
782
777
368
913
762
70
491
577
546
846
880
81
397
541
235
189
639
875
812
874
144
469
505
818
941
376
341
117
776
474
31
944
723
237
153
326
10
313
56
718
181
52
95
717
291
934
137
478
346
831
144
580
330
975
794
467
585
303
245
342
129
736
20
267
760
18
145
644
388
342
539
114
797
366
998
733
445
685
549
900
141
120
59
845
718
977
691
605
456
645
65
990
35
408
190
433
52
563
317
452
941
881
4
339
244
739
713
145
57
384
206
959
696
387
604
238
579
380
787
854
19
391
425
102
20
97
433
954
312
186
55
775
162
690
94
387
869
257
631
819
982
126
420
642
967
412
770
648
101
328
246
907
766
523
158
839
530
710
477
820
478
193
218
692
673
91
24
529
304
470
289
735
990
365
340
683
936
699
17
140
71
793
600
613
207
892
833
264
134
716
158
243
838
23
135
192
749
973
850
50
471
858
229
722
451
585
956
830
872
687
545
364
726
575
957
630
143
74
693
503
61
353
619
977
376
316
78
850
791
251
464
922
785
35
196
991
186
44
94
780
536
947
227
347
690
979
732
570
398
50
458
852
929
689
108
459
898
374
791
884
386
414
866
657
947
875
143
395
140
619
159
245
243
514
676
970
983
931
975
53
552
996
581
928
7
619
447
674
698
962
487
363
246
505
362
988
683
589
229
110
913
693
127
949
332
353
180
490
8
334
782
187
210
15
928
257
226
276
33
292
156
981
324
472
475
872
101
656
6
913
87
956
495
476
610
303
369
360
28
282
833
448
86
822
529
351
630
687
905
686
897
524
85
56
195
38
830
157
67
360
688
921
290
128
268
213
260
790
1
98
453
98
173
95
191
292
159
502
497
975
752
842
847
64
912
218
407
475
254
305
351
71
522
945
148
149
800
714
574
51
372
796
629
544
874
604
709
945
774
837
545
990
396
365
62
560
20
423
794
312
23
352
353
511
325
186
912
447
252
613
150
534
910
671
729
600
964
395
90
610
599
921
526
925
329
379
562
201
90
298
340
721
861
102
575
617
939
309
39
565
237
316
160
639
273
551
606
836
598
452
627
333
619
251
135
144
490
101
408
128
85
194
768
990
617
660
96
74
224
908
727
632
229
58
353
778
468
722
585
994
321
264
183
704
310
255
7
337
681
516
297
25
992
597
267
255
797
958
834
315
599
979
111
685
621
106
844
848
462
666
725
135
334
677
729
999
969
292
45
361
623
175
500
264
290
456
236
773
562
225
542
256
442
242
535
613
197
821
792
489
42
533
232
441
760
570
71
35
381
385
830
133
898
719
863
492
14
857
753
172
464
993
554
87
214
557
815
890
132
67
994
92
959
873
112
260
577
387
330
850
154
757
880
214
272
295
67
577
484
607
157
203
444
352
568
955
135
978
971
898
522
538
287
530
43
225
986
737
690
342
725
697
592
559
720
544
170
879
374
660
984
921
204
726
364
432
328
14
655
753
233
134
321
757
351
421
887
4
533
187
656
740
317
635
346
608
548
913
876
7
411
838
145
204
383
717
949
186
683
906
568
534
566
947
672
747
232
867
838
82
54
779
423
184
8
148
297
655
302
224
591
991
113
483
565
533
658
535
105
134
319
16
368
169
348
534
370
158
22
983
532
999
380
262
329
580
742
262
877
644
860
765
176
227
259
922
389
175
667
385
397
298
764
214
898
435
222
266
543
614
447
98
365
223
753
831
103
127
362
218
11
187
570
934
617
417
728
756
790
67
787
856
985
58
853
381
962
779
244
837
563
95
11
824
19
689
151
464
661
592
757
8
915
827
990
245
81
29
443
69
695
812
598
646
476
830
55
616
917
838
206
51
868
881
856
455
199
197
26
54
41
303
653
368
88
771
146
64
601
890
966
696
587
737
891
307
343
326
888
28
143
656
372
364
346
285
161
94
369
278
506
608
410
358
145
518
792
689
10
664
863
593
162
685
176
41
661
37
506
824
701
479
517
264
948
339
11
716
747
535
279
124
455
980
118
212
112
425
43
653
288
375
738
298
741
363
254
651
377
882
215
162
954
41
994
303
345
130
534
81
475
843
970
864
678
672
907
826
62
804
678
929
363
965
693
464
247
10
577
157
712
264
437
953
944
805
757
135
449
797
973
388
310
304
707
288
983
769
908
988
815
850
760
715
355
257
116
375
67
182
454
818
547
462
735
160
275
339
15
795
615
985
779
674
59
217
842
119
325
737
644
48
292
774
641
875
326
986
50
87
161
919
482
85
236
130
591
257
661
698
264
976
876
722
853
803
836
361
688
808
925
686
292
660
993
736
960
468
340
470
194
483
593
6
14
346
809
39
142
809
914
945
22
102
266
147
160
412
389
265
110
409
946
45
951
504
253
175
114
957
606
672
372
8
736
447
901
385
824
73
654
147
627
894
567
204
496
784
649
230
512
202
263
703
757
893
579
96
248
277
790
263
866
405
62
880
67
995
70
449
462
234
574
700
30
573
991
566
14
1000
595
753
100
401
59
403
935
415
321
981
729
182
165
976
9
863
400
406
170
676
682
717
962
900
211
663
190
761
352
610
209
281
727
572
628
896
434
888
791
919
181
798
550
569
236
878
927
823
176
930
404
736
181
502
178
300
796
324
483
510
261
423
208
493
898
782
669
408
80
467
52
823
85
956
138
807
493
892
713
237
307
356
295
904
39
374
502
45
949
477
124
300
616
819
548
617
350
100
108
937
978
116
710
662
878
161
498
806
183
928
409
113
628
627
882
920
13
245
732
594
681
272
434
678
810
12
299
746
984
484
200
435
662
272
431
349
0
481
737
429
636
769
525
634
366
509
574
6
618
283
934
316
187
631
41
617
785
884
678
355
353
718
508
660
894
37
356
915
80
954
800
81
880
659
41
301
875
334
618
604
127
791
56
900
997
35
209
629
979
41
637
505
404
415
700
794
723
918
832
974
398
241
206
855
292
774
885
998
955
204
573
961
367
3
846
149
614
534
716
446
382
226
601
900
0
695
751
295
489
406
676
312
97
40
318
856
946
954
449
249
4
47
894
745
187
351
191
43
879
470
238
546
744
114
937
358
605
296
272
369
20
606
385
39
505
347
333
935
264
236
337
167
344
91
286
169
666
195
988
615
549
225
761
156
569
104
482
814
392
199
390
441
703
607
719
646
75
455
24
956
632
324
623
981
212
127
90
399
226
564
805
809
567
272
109
984
917
469
282
51
135
478
394
209
678
906
116
998
917
219
269
473
251
852
587
823
708
246
750
875
257
682
951
887
208
380
685
749
871
939
589
235
527
238
351
593
375
188
224
815
58
798
254
845
820
384
188
151
852
836
753
522
436
909
937
552
196
827
989
125
3
914
125
173
914
415
436
728
982
548
157
193
125
173
535
116
321
419
914
802
53
849
957
481
727
595
220
33
381
775
365
63
446
253
87
995
34
714
925
556
973
270
241
346
458
365
241
348
497
383
400
256
380
535
263
171
851
494
256
263
535
360
466
259
818
953
80
471
753
931
402
972
318
573
4
603
728
423
77
611
643
635
21
314
288
709
208
965
819
23
916
229
287
80
311
364
822
468
243
492
382
897
296
353
805
870
716
404
54
759
587
193
546
200
620
687
889
218
637
38
399
798
803
828
454
465
969
306
597
658
863
60
835
7
135
826
446
712
318
309
951
286
153
866
283
299
719
670
419
741
234
729
647
363
730
807
243
340
136
758
157
842
959
29
203
956
759
791
75
375
492
253
788
10
997
943
217
83
839
203
568
986
522
445
376
194
244
499
723
364
559
346
686
268
26
897
709
733
374
603
753
800
595
289
124
710
914
158
942
637
181
77
354
756
864
16
690
172
44
411
674
226
349
978
979
324
766
8
228
895
499
364
357
331
986
318
172
253
70
56
866
178
417
196
510
360
933
81
448
898
621
634
475
917
194
36
794
857
82
359
558
561
490
452
524
773
965
624
6
12
676
132
421
918
953
846
366
198
32
965
798
377
348
641
162
515
91
394
444
910
563
995
89
884
543
935
384
596
304
601
621
721
42
893
269
467
139
425
437
705
516
270
911
546
602
487
952
611
671
930
263
663
321
667
930
580
958
155
620
465
454
26
664
143
325
64
154
368
3
449
362
614
101
817
980
272
966
404
661
881
608
742
345
19
885
653
519
928
343
941
936
451
129
262
440
77
250
383
48
830
838
547
172
486
553
703
693
617
491
944
553
39
683
944
806
23
252
671
8
242
413
127
325
79
193
844
117
417
648
334
211
521
612
462
84
181
2
977
820
782
911
36
489
363
512
392
312
441
630
20
883
931
191
774
9
547
775
97
779
823
926
620
924
514
768
55
440
859
159
700
92
957
692
728
516
427
554
162
27
177
695
385
341
903
67
416
28
714
946
788
168
785
62
218
23
339
218
564
971
712
569
419
797
201
510
444
70
371
842
78
400
330
66
29
178
427
9
871
914
637
717
1
681
90
407
63
308
666
819
342
64
290
882
689
773
570
244
727
243
632
980
240
904
933
100
129
375
277
556
170
486
305
840
204
574
827
353
362
395
621
632
858
764
650
528
550
555
722
514
964
253
946
945
435
768
211
360
713
773
55
353
360
589
372
268
241
556
379
663
542
923
267
454
431
503
408
838
257
766
304
82
928
237
878
20
730
512
529
83
654
396
925
354
437
87
423
638
72
931
227
674
41
288
63
291
23
371
276
447
610
44
105
512
768
460
25
330
670
678
239
513
475
398
351
881
942
135
505
111
242
450
88
560
517
915
934
827
184
111
470
570
93
530
902
245
218
369
286
103
552
564
833
94
810
585
94
832
367
117
800
735
206
464
304
72
902
242
730
742
636
329
34
788
738
644
810
726
660
275
120
141
415
287
467
955
144
420
217
413
480
230
951
87
270
774
983
802
80
5
707
664
156
816
311
728
257
833
470
136
587
143
553
821
787
930
23
217
343
757
343
465
5
700
2
894
586
772
269
439
217
957
51
423
904
16
471
118
175
832
127
540
79
122
906
357
673
389
786
953
123
838
661
873
942
976
197
880
220
306
666
990
428
343
673
590
944
237
455
796
703
604
489
796
391
224
801
335
827
56
233
434
843
827
391
625
504
591
971
243
822
81
441
558
370
231
357
144
665
706
30
166
327
458
456
175
95
850
687
384
280
877
984
407
712
279
849
550
923
574
426
595
889
724
431
92
654
179
610
598
835
304
264
951
489
404
597
422
412
586
518
237
753
287
908
562
55
876
588
50
909
710
67
281
95
987
769
111
901
768
78
345
600
304
523
499
169
2
882
221
145
880
606
202
240
542
217
587
313
215
787
368
921
70
860
385
171
807
148
712
952
867
132
311
958
634
735
943
569
368
742
525
744
364
32
957
486
860
648
584
569
290
390
850
635
281
964
668
19
982
567
356
188
367
280
569
548
348
863
313
105
108
538
430
771
797
971
955
185
277
274
656
491
275
643
148
3
463
678
359
598
230
317
82
681
921
489
722
335
156
963
685
738
588
563
37
904
592
98
552
313
589
428
583
129
414
884
760
198
491
760
163
41
396
522
238
511
465
393
521
188
952
125
972
378
726
512
125
673
289
188
149
323
876
310
146
648
929
689
548
667
795
369
462
66
509
336
275
772
961
558
454
94
490
475
927
214
197
539
735
249
877
44
984
419
714
586
276
590
165
523
155
545
828
392
635
36
724
479
749
512
391
481
480
624
917
962
142
124
967
201
323
657
941
300
399
285
231
850
695
349
334
827
858
245
535
850
7
370
585
969
524
318
501
854
501
995
563
367
315
792
758
514
816
32
986
359
47
356
577
361
746
698
828
396
508
927
681
960
108
189
558
122
835
468
52
505
152
535
886
711
187
853
579
162
348
896
909
716
949
810
398
312
833
996
695
327
531
969
257
872
942
406
235
84
695
779
631
991
750
692
731
635
131
691
198
495
54
877
790
900
700
309
890
826
975
775
112
486
190
23
808
665
450
844
128
769
753
23
44
0
80
25
866
287
303
437
408
323
952
725
307
4
205
264
7
957
460
889
644
830
857
700
165
85
844
439
874
448
228
984
130
216
666
947
449
907
757
704
551
593
855
35
58
892
739
832
994
953
516
835
39
615
943
616
125
76
950
244
29
633
184
191
273
928
970
510
765
502
323
382
201
712
989
50
560
45
413
386
850
733
109
960
176
132
495
140
832
244
658
897
279
192
990
658
618
412
400
620
545
912
470
50
746
284
786
128
927
190
386
578
599
612
617
728
321
237
871
120
391
396
739
942
490
766
650
879
333
85
99
827
120
535
710
564
69
784
415
209
721
144
184
542
819
635
682
980
395
611
265
153
462
264
965
42
126
83
948
628
345
89
416
265
741
542
657
524
78
413
252
146
898
758
173
630
578
245
359
673
240
706
714
318
727
723
315
444
103
381
302
364
131
436
173
185
309
932
765
753
231
569
615
374
271
711
28
470
971
84
443
880
562
801
91
706
892
633
710
774
461
989
705
827
930
599
869
746
860
264
594
80
213
254
293
710
843
715
59
644
377
458
196
786
982
474
580
625
155
994
71
302
364
797
457
763
999
512
737
160
606
135
482
558
797
728
546
348
2
48
88
273
936
869
560
959
778
603
262
395
798
265
470
885
429
938
228
876
622
983
219
820
626
970
666
777
713
650
577
337
531
287
103
436
337
220
476
551
356
894
472
821
329
43
507
759
867
696
0
614
105
11
229
696
916
958
427
15
248
83
326
571
865
568
608
218
769
143
565
622
40
555
703
452
546
915
193
538
74
63
857
706
41
327
623
143
128
388
151
568
976
815
408
120
96
330
0
927
435
138
916
82
282
154
232
587
4
338
280
159
574
660
720
829
782
262
460
365
512
578
799
471
962
297
177
111
444
310
729
142
99
433
91
431
452
29
968
741
813
232
457
733
809
868
824
410
702
408
805
476
295
147
433
512
828
652
191
579
780
806
76
668
278
654
597
337
575
344
129
440
571
182
889
953
612
638
768
153
199
697
869
378
301
277
693
960
420
664
954
407
162
682
166
48
984
156
409
55
274
827
245
697
434
971
943
631
942
482
729
715
959
578
126
945
747
978
792
565
404
109
966
333
246
835
493
580
45
902
238
693
150
710
742
531
48
308
462
485
678
947
192
497
689
377
999
309
293
764
309
90
204
373
406
1000
605
726
593
39
51
839
211
264
873
320
825
448
350
44
494
291
354
407
278
918
592
879
108
309
939
507
873
783
532
563
664
372
468
643
843
481
611
57
923
369
824
546
71
434
826
19
28
469
632
536
148
873
156
1
290
102
128
584
478
371
326
454
861
325
457
114
988
382
358
636
972
254
982
311
366
961
663
208
792
82
355
305
337
744
689
394
111
490
698
730
693
859
609
753
326
582
848
557
818
25
949
257
632
748
510
837
227
36
659
783
717
515
967
987
420
188
196
369
552
596
345
182
663
939
898
97
67
719
40
889
227
914
798
334
385
60
965
437
955
98
312
110
679
533
357
413
610
286
767
904
861
717
217
8
635
112
463
791
357
688
623
595
214
295
872
943
184
782
290
667
213
119
938
697
289
808
278
983
425
191
245
910
225
470
585
840
430
566
870
333
616
88
306
458
86
902
897
356
453
351
822
969
982
561
872
506
101
334
138
127
963
6
708
757
512
382
114
604
977
235
229
889
795
840
459
87
992
947
621
984
560
588
816
758
870
98
947
435
876
220
264
842
685
55
840
218
588
564
387
264
244
597
885
85
258
504
575
127
914
920
815
960
342
425
918
810
269
949
545
44
109
221
374
949
365
467
763
997
792
774
584
613
102
551
467
952
840
762
331
521
945
795
538
821
846
648
901
931
938
284
810
830
239
203
314
776
616
794
679
461
610
86
863
738
200
804
159
180
583
404
532
776
747
499
342
565
320
685
987
494
475
757
905
745
176
622
847
9
153
128
286
707
59
754
715
30
556
13
372
927
1000
340
639
490
296
497
333
325
490
79
728
906
52
296
283
614
774
838
126
103
3
48
566
967
836
346
815
705
497
324
806
11
811
593
764
238
934
477
373
697
550
696
392
662
419
317
421
991
619
63
229
76
296
349
792
667
838
81
229
749
455
417
711
188
209
565
150
218
578
871
349
203
108
836
110
768
689
714
286
92
241
364
827
509
0
834
464
166
439
553
885
711
701
665
304
138
63
509
692
660
985
857
435
774
36
123
399
583
24
863
400
802
645
445
38
281
661
58
900
491
220
678
423
233
79
715
147
214
507
321
207
828
748
98
562
796
151
562
701
238
690
419
308
465
773
866
112
572
393
58
911
861
230
16
347
464
276
435
32
223
825
220
902
815
39
5
950
321
208
4
108
426
318
991
313
828
304
296
214
389
950
616
860
427
729
774
549
377
77
967
509
379
299
333
107
278
132
470
312
337
703
213
578
138
323
461
5
833
864
790
108
243
598
733
605
9
914
475
843
983
318
406
207
88
686
902
79
643
345
395
180
760
68
270
251
196
752
932
732
87
809
512
271
268
766
952
556
621
458
24
431
645
463
126
458
426
152
752
723
428
895
169
313
169
479
905
660
187
696
988
131
396
175
11
778
103
400
768
350
677
769
708
910
237
25
718
676
131
132
357
809
185
778
660
285
611
783
957
725
797
351
756
862
965
736
889
887
950
342
424
709
54
931
189
262
929
619
253
28
935
472
302
291
766
625
749
169
263
565
119
759
738
17
313
340
460
469
715
982
572
953
910
845
29
500
454
925
247
965
346
448
173
18
289
515
849
848
535
56
768
883
730
732
27
569
221
274
479
32
322
102
35
752
227
731
608
240
396
398
224
90
565
149
912
296
870
479
884
753
129
592
695
205
709
794
979
190
320
124
21
611
246
681
230
306
332
891
662
651
759
162
720
865
695
372
878
567
239
44
411
430
124
651
547
3
624
432
998
432
664
910
15
275
343
67
821
491
191
608
529
909
668
295
894
258
592
115
468
296
443
258
6
603
126
925
964
955
157
314
261
687
322
401
118
626
848
3
293
82
784
923
475
662
360
793
202
555
271
930
537
895
908
557
810
772
429
332
575
678
839
29
508
392
314
134
858
412
847
89
173
899
41
694
964
30
661
43
667
875
553
858
344
509
910
31
257
604
397
877
146
529
579
765
40
351
203
663
220
381
335
645
812
863
172
273
327
76
37
825
607
973
948
232
78
490
838
901
85
13
819
524
906
70
406
155
461
210
504
359
389
756
629
316
860
208
604
770
893
864
605
571
171
116
241
407
387
870
992
301
595
817
759
55
479
543
460
697
669
452
10
561
423
168
688
466
1000
270
775
847
121
866
530
900
276
210
968
761
58
678
994
763
383
401
764
751
428
185
731
807
127
604
731
422
365
517
321
791
746
490
341
188
198
30
156
762
667
732
878
693
338
151
842
203
612
464
129
172
773
447
384
26
335
830
158
118
665
115
986
696
910
353
971
239
449
42
147
292
123
733
734
628
876
472
652
463
7
810
898
909
197
451
376
84
145
600
327
792
701
10
719
189
865
980
816
465
128
526
811
545
252
105
519
12
308
25
183
242
63
78
328
569
792
325
836
834
391
225
695
193
516
722
205
193
755
531
37
356
214
312
834
172
696
107
489
315
617
199
516
690
367
751
692
788
104
871
9
252
787
120
259
40
883
446
717
26
81
277
17
955
826
972
488
9
922
781
120
29
774
794
639
552
540
617
9
220
348
894
196
769
556
9
504
336
707
116
431
923
852
323
619
530
274
749
427
284
435
797
371
935
679
345
390
26
768
836
781
547
936
875
401
674
483
721
656
373
92
137
111
979
163
617
245
171
275
360
683
613
303
140
475
305
374
862
725
638
533
140
991
469
678
502
684
648
653
922
898
672
807
591
638
742
885
413
256
194
532
997
873
534
154
898
622
967
356
28
977
896
354
840
635
713
849
200
749
820
976
590
217
98
552
295
534
90
241
70
490
733
621
52
523
711
390
200
274
239
57
532
64
636
369
343
191
26
121
601
415
652
399
69
25
220
754
10
909
616
700
54
64
416
315
395
745
461
767
77
380
259
839
737
552
882
695
638
888
445
631
277
86
319
433
16
542
685
444
970
514
773
82
873
314
893
846
569
296
495
547
871
369
658
463
211
381
47
539
285
430
499
914
539
342
595
884
927
936
370
646
138
956
669
983
667
585
365
320
119
252
441
84
964
152
824
420
793
82
938
671
477
275
269
438
373
346
171
124
661
125
705
519
634
214
805
555
624
443
531
831
270
865
320
32
639
921
697
69
201
562
10
898
925
361
332
867
32
112
130
561
129
777
142
685
103
389
600
48
34
463
374
346
714
969
12
549
489
78
242
762
950
108
117
588
233
903
79
795
654
299
475
690
607
36
364
164
604
428
599
952
293
440
636
823
882
517
114
680
681
516
181
986
172
860
27
672
57
802
398
481
902
679
336
781
417
331
397
440
933
659
267
847
840
710
612
89
883
574
817
709
486
399
260
688
797
332
373
117
152
505
932
119
120
876
495
930
249
36
498
662
826
523
462
613
218
31
89
967
294
115
232
14
748
847
776
954
162
895
234
718
377
673
878
833
391
893
129
264
632
278
949
379
756
108
165
695
339
971
145
880
169
172
128
742
151
989
991
594
83
295
24
302
639
716
721
938
204
112
332
215
406
929
48
132
876
558
543
833
631
44
142
245
499
950
397
397
486
704
513
820
578
394
871
261
210
526
909
156
55
768
324
568
514
136
391
334
71
453
624
805
950
520
674
618
14
708
588
725
583
619
915
38
401
433
24
550
675
6
708
670
909
205
983
349
738
738
588
859
702
431
886
480
134
675
149
540
121
881
168
560
911
574
586
324
986
506
601
158
985
546
671
794
140
890
574
677
434
584
10
244
803
37
135
495
456
269
0
162
226
489
734
305
243
162
144
948
235
82
427
637
401
11
581
573
396
926
549
704
63
269
584
963
882
671
900
318
697
281
889
96
151
197
533
130
934
986
26
844
526
221
664
368
25
20
37
716
731
742
220
411
397
138
461
944
918
841
296
450
276
965
559
415
982
991
207
561
700
127
896
616
440
151
184
767
799
201
868
334
937
940
558
79
42
17
346
991
96
174
366
217
656
57
716
62
215
763
52
366
305
156
499
590
502
160
195
280
763
399
452
999
12
440
918
757
979
479
232
897
76
678
68
249
932
515
151
706
87
522
18
405
149
387
546
233
238
708
616
185
272
209
195
211
429
546
846
850
493
581
343
328
190
471
961
206
244
834
146
418
304
865
448
102
939
146
565
939
850
577
699
587
786
971
524
141
864
204
480
535
449
389
716
675
775
792
312
844
839
198
742
730
985
292
337
179
955
714
577
564
747
927
410
95
68
507
622
890
671
680
410
816
811
190
147
729
108
724
727
419
799
69
532
309
778
630
810
863
583
645
890
631
76
828
311
412
258
654
963
221
471
148
823
465
650
17
194
479
674
999
255
284
47
393
133
286
482
610
908
266
784
716
100
63
189
141
150
273
63
464
40
629
298
373
618
350
80
179
964
844
164
196
76
354
553
859
390
720
894
818
330
9
886
976
33
512
382
167
800
715
771
266
110
474
184
759
26
635
320
676
57
143
5
276
759
49
446
641
494
72
754
950
165
273
998
163
332
762
419
525
524
128
503
80
979
583
843
295
466
253
959
780
365
425
569
50
525
146
108
660
338
529
275
820
629
539
127
827
396
324
540
481
772
882
752
729
944
976
719
619
743
498
97
249
798
135
430
972
785
192
820
321
158
415
875
621
856
849
796
934
650
848
924
884
852
700
527
460
593
807
204
480
320
164
738
589
556
388
637
80
12
560
170
38
892
986
915
661
370
547
689
258
275
177
221
493
994
608
999
328
804
696
158
743
50
141
190
786
332
758
708
797
929
660
587
446
293
218
755
833
884
805
8
530
270
352
291
654
83
663
382
604
942
190
651
124
914
617
605
574
373
486
577
655
318
729
339
719
139
232
436
202
437
295
852
489
864
815
463
354
868
752
733
779
401
506
220
718
603
549
971
699
418
480
706
833
683
35
532
190
232
339
468
158
258
318
99
93
570
466
273
906
276
58
209
617
388
788
347
999
878
987
115
861
493
370
705
96
119
151
584
265
127
254
568
733
493
411
999
312
929
345
200
790
367
802
15
103
343
848
251
291
213
279
442
771
177
398
186
58
644
738
809
565
143
681
189
808
415
202
370
865
29
216
459
812
381
293
990
234
990
224
827
35
945
72
192
888
15
793
967
773
664
492
771
667
679
195
198
380
423
623
407
684
664
246
471
420
157
615
276
487
340
591
705
50
328
314
447
416
633
185
807
818
774
879
200
951
361
570
727
826
835
900
815
718
497
796
600
177
719
675
863
825
904
553
724
269
745
514
863
782
147
404
939
478
159
721
870
486
839
38
584
903
890
295
462
661
367
629
682
764
478
151
575
483
736
176
664
477
232
479
726
418
702
942
66
826
197
877
126
622
52
705
521
951
952
693
999
689
454
232
21
706
239
346
340
389
391
930
306
367
483
581
843
509
461
222
834
110
385
500
952
186
962
665
555
957
512
952
442
198
701
498
870
177
463
534
870
10
239
475
375
954
108
755
649
455
611
868
94
163
878
48
371
490
285
885
380
491
510
23
385
123
277
983
209
201
1000
613
33
32
879
142
269
630
317
441
894
404
895
899
700
197
486
66
515
858
32
321
899
772
483
425
995
354
699
436
970
916
619
987
221
887
459
193
391
433
770
700
692
780
279
533
918
542
411
873
87
831
495
68
481
392
416
705
541
56
447
809
547
838
215
885
453
755
890
83
85
988
718
100
468
961
287
921
748
904
508
81
633
698
464
152
973
269
157
977
871
84
555
450
19
599
78
837
323
32
103
937
695
296
133
299
489
336
197
405
666
574
23
136
61
759
748
793
631
493
209
650
931
833
813
904
728
683
678
201
739
395
320
805
449
477
314
727
858
514
843
468
557
756
126
781
66
799
713
141
506
209
729
967
981
446
299
648
691
216
611
840
973
999
517
410
369
763
13
639
252
643
283
52
838
972
578
319
445
817
479
17
270
473
265
936
384
754
117
560
134
176
867
236
137
219
961
197
628
765
841
327
720
560
133
30
72
652
856
827
625
356
191
169
388
453
21
392
76
129
863
244
756
654
88
851
391
707
674
485
131
683
327
174
617
113
28
942
91
816
299
207
288
648
754
542
208
435
858
739
365
162
211
705
724
122
309
766
260
332
970
50
257
887
397
68
139
165
364
521
873
858
637
191
542
463
622
747
609
289
22
145
334
457
541
878
414
902
749
832
375
710
917
603
63
805
890
991
57
795
87
907
660
820
784
279
8
529
744
327
619
59
157
608
440
832
574
895
880
959
486
464
147
468
874
519
871
774
511
957
510
828
373
430
639
63
250
536
417
581
887
491
530
110
558
425
240
120
263
25
174
845
257
639
354
455
957
369
148
980
882
809
947
838
215
885
467
330
996
588
863
840
780
909
312
185
174
721
338
636
584
528
294
491
718
370
880
263
568
391
367
725
18
159
653
144
99
672
215
270
106
361
221
537
236
915
407
145
84
390
706
440
798
798
973
207
118
763
918
968
135
754
469
427
589
715
21
287
801
711
482
324
58
80
267
122
297
246
728
492
549
890
625
79
455
427
352
156
161
159
498
922
107
823
545
145
918
949
490
81
115
265
547
373
249
800
555
792
555
631
866
315
692
505
481
845
601
673
846
877
938
529
759
696
428
363
213
526
721
163
127
295
865
586
628
883
937
340
272
755
96
404
410
82
555
556
764
38
302
253
274
24
930
873
879
343
121
602
37
332
840
962
312
238
892
329
948
433
827
353
652
438
827
890
896
379
573
662
743
183
442
24
464
104
748
959
409
928
442
904
257
233
299
242
265
908
61
610
402
720
488
51
766
15
879
814
63
902
98
3
321
283
870
301
179
268
183
652
2
998
666
621
379
219
517
734
43
845
999
413
363
81
882
683
319
408
672
570
123
464
347
327
977
618
250
330
130
249
420
113
356
849
358
980
54
927
34
670
543
540
881
453
936
180
413
794
63
549
180
275
231
259
454
675
26
688
6
761
761
693
769
805
9
256
371
667
204
841
315
905
502
499
378
372
637
849
354
24
321
323
871
184
275
330
944
657
95
737
585
701
987
829
459
484
132
9
49
299
688
826
211
798
966
708
979
481
989
242
100
518
51
630
967
13
89
364
998
382
444
759
456
661
666
1
375
739
411
853
292
160
310
864
968
7
348
167
131
755
451
895
497
511
994
850
510
614
240
633
716
852
378
229
848
877
598
936
263
190
430
332
225
466
610
47
12
551
374
92
108
630
693
722
249
275
517
640
37
298
711
54
532
303
40
371
804
192
587
734
56
760
83
422
58
626
333
588
105
948
872
448
935
680
383
486
984
909
40
611
372
576
747
131
857
68
678
154
599
705
373
351
73
194
841
369
494
717
433
810
987
547
508
475
925
469
339
597
718
544
613
119
94
356
537
10
699
248
644
30
58
650
908
592
765
277
272
169
727
218
68
417
726
996
526
838
889
432
380
48
124
614
328
536
810
480
948
954
722
773
69
200
503
192
612
169
25
88
526
303
299
862
608
229
315
504
4
6
184
731
529
214
0
377
652
713
674
985
846
71
508
134
455
611
69
694
850
382
84
66
853
995
189
726
153
179
665
52
600
669
934
661
18
848
801
863
827
720
338
574
305
858
768
858
139
957
122
182
722
908
621
625
814
689
986
138
486
52
813
980
72
997
275
718
553
286
162
457
259
168
476
617
342
181
865
34
568
885
315
883
268
541
439
801
336
104
239
304
120
12
451
391
754
908
642
856
511
779
321
317
136
887
312
209
709
500
820
52
964
583
855
684
739
924
262
398
396
445
792
150
781
603
662
958
83
332
219
899
10
158
961
632
484
659
566
581
836
914
42
865
919
724
175
142
384
609
412
786
599
395
505
742
868
217
183
649
807
418
483
665
906
638
363
950
962
336
245
162
887
375
600
720
130
197
999
276
601
735
187
632
599
389
796
605
313
893
146
261
41
59
403
107
196
545
727
850
9
196
115
309
500
478
683
434
868
637
600
768
51
553
956
430
151
340
43
931
930
724
597
626
683
165
766
373
413
321
174
686
169
57
758
313
727
139
934
856
712
694
748
967
343
697
532
183
587
176
974
106
62
508
713
873
525
859
585
279
237
790
953
899
825
425
720
865
881
449
325
925
347
498
232
418
22
650
860
511
604
42
11
658
205
834
56
696
672
748
694
101
613
358
698
497
462
613
100
380
221
553
279
351
563
662
868
600
373
802
65
277
949
360
402
363
115
934
646
351
801
981
417
515
898
343
969
521
879
623
20
944
947
771
345
144
455
812
286
920
885
865
607
701
733
769
673
344
963
684
826
660
961
396
369
395
185
647
712
45
708
466
890
37
995
742
991
672
963
791
819
184
992
197
393
772
114
654
321
979
921
284
392
946
978
371
921
15
41
815
532
239
426
167
612
345
978
16
281
539
124
454
612
666
862
740
987
41
149
621
185
514
367
840
4
891
578
709
467
112
974
981
894
833
611
707
643
740
775
730
260
445
558
403
102
564
872
345
813
891
410
816
73
925
358
308
502
211
795
282
956
350
961
654
710
797
149
337
931
766
413
396
39
388
717
460
218
482
337
713
215
204
364
337
341
587
686
232
591
188
974
918
826
799
924
992
21
725
771
798
978
896
450
910
915
666
630
190
177
481
784
660
666
226
262
296
104
541
349
327
156
134
92
659
71
722
520
470
258
981
570
41
778
535
326
484
365
138
164
174
955
27
1
852
83
232
252
20
33
822
819
632
951
928
440
90
914
578
350
474
507
755
688
301
880
489
748
775
204
963
559
209
76
46
929
601
250
533
263
382
22
65
507
90
906
536
141
16
127
228
748
977
243
270
104
290
588
554
628
489
428
598
565
368
299
863
240
331
73
268
325
938
53
639
298
971
81
907
900
988
774
730
462
326
129
52
168
207
232
663
557
982
425
64
362
415
463
736
816
319
909
139
311
523
802
572
283
448
930
872
783
36
409
807
508
254
422
452
538
730
429
681
126
720
237
948
381
917
367
384
274
220
975
883
194
190
295
562
24
548
85
766
908
944
141
377
575
76
830
120
711
815
552
402
871
24
299
599
686
130
634
926
644
805
673
534
261
6
786
32
27
148
780
756
756
235
306
291
828
16
391
740
23
636
1000
818
528
121
699
732
916
590
638
678
693
692
3
220
635
517
550
277
531
768
960
39
387
924
322
66
900
887
123
89
652
114
191
586
46
825
917
562
546
782
783
93
923
413
414
574
278
753
418
51
455
778
902
380
433
28
839
148
101
875
112
716
347
653
837
559
375
798
87
132
895
998
225
878
248
817
215
321
257
20
978
778
452
193
69
102
630
791
523
919
483
286
421
728
962
669
401
727
608
613
736
50
854
956
677
612
585
663
902
219
951
580
573
337
650
84
315
831
288
462
866
684
563
541
711
63
925
794
640
70
844
428
308
222
151
647
608
806
793
31
563
859
573
968
103
13
585
227
413
754
823
511
846
952
803
909
31
430
505
939
65
706
385
780
846
589
359
77
246
696
936
911
5
593
444
407
960
758
63
921
733
91
693
685
938
628
871
832
885
99
543
967
477
681
7
586
105
918
884
940
636
389
550
141
365
874
458
195
822
980
831
169
357
632
256
949
699
552
171
812
367
433
722
16
434
240
162
614
704
275
710
470
51
719
379
676
229
919
349
51
656
756
310
769
703
721
651
747
179
286
787
991
495
37
90
183
517
558
40
746
915
28
924
119
318
655
374
584
309
39
423
707
924
95
191
688
634
272
118
803
451
266
535
628
941
871
744
99
861
740
772
979
136
104
185
825
757
158
955
49
974
53
92
905
638
936
841
481
142
702
741
59
610
123
177
96
769
930
880
353
91
293
488
953
481
999
733
60
239
796
750
901
981
869
343
870
569
149
96
81
874
48
701
939
777
951
208
887
695
772
273
279
125
452
999
897
129
970
169
727
660
124
595
815
478
959
1
312
512
535
3
539
601
121
229
142
356
976
332
865
566
991
801
224
635
320
319
680
710
109
144
267
408
104
533
56
800
563
465
421
283
562
814
282
546
26
926
322
778
152
666
751
143
5
914
16
582
729
939
760
979
70
941
339
424
625
75
63
141
489
239
664
989
628
250
60
791
434
961
673
701
308
854
641
850
536
903
705
951
437
814
236
875
806
621
881
407
507
945
594
618
635
665
728
225
592
244
61
544
314
348
815
129
729
221
748
228
600
633
876
747
345
847
327
936
564
617
514
346
504
65
315
204
401
661
44
145
186
666
263
730
728
674
171
33
161
32
401
481
515
339
336
737
341
411
96
882
898
464
141
985
298
839
951
592
756
718
528
922
396
654
84
603
977
892
384
935
491
556
42
463
160
33
845
973
183
84
726
561
181
8
410
355
239
869
926
67
757
431
842
222
79
495
263
603
456
3
579
111
532
1000
964
686
981
629
969
796
94
920
305
741
564
668
188
986
138
703
194
572
233
970
925
532
26
209
918
823
122
112
628
132
295
514
632
524
716
83
489
775
226
908
245
313
284
231
617
483
206
889
148
968
311
874
404
563
486
292
545
486
235
161
150
322
723
251
570
797
409
456
673
562
395
780
336
357
351
798
793
422
851
654
500
508
210
461
920
582
374
178
227
467
818
933
512
295
424
39
944
190
400
383
268
773
352
941
747
546
868
302
824
925
881
430
606
307
920
419
121
612
539
38
959
32
991
518
564
688
938
181
36
306
855
605
300
103
42
535
763
4
704
52
565
876
96
651
937
192
993
539
880
230
493
724
49
636
170
643
901
894
264
449
508
138
712
905
276
480
75
912
519
717
559
133
89
711
639
162
550
324
544
658
75
242
946
819
723
322
339
77
602
595
275
555
341
72
266
964
656
854
996
627
265
324
167
263
10
94
170
548
677
576
990
714
543
4
272
115
50
326
245
432
758
233
833
951
957
148
50
246
707
988
10
444
425
387
354
738
367
507
959
860
604
419
306
752
658
898
45
613
218
271
734
683
944
802
936
764
95
60
959
318
120
880
791
863
948
856
185
159
3
188
998
94
792
244
241
125
277
326
237
252
795
907
417
854
949
786
780
859
349
631
916
114
390
75
671
59
488
543
349
500
982
873
683
455
20
832
900
293
213
187
547
976
930
165
999
72
843
225
490
42
482
865
147
615
969
616
653
683
754
975
304
41
581
375
872
882
453
883
421
20
554
459
73
667
420
372
219
568
174
123
859
120
316
895
441
374
51
360
670
588
99
9
806
434
357
474
821
253
893
962
713
445
134
821
583
417
442
714
117
618
978
92
139
314
847
979
884
845
847
130
852
632
993
219
704
638
85
31
984
395
996
813
305
275
7
296
37
260
756
826
292
129
296
449
721
578
654
823
390
995
517
830
257
817
18
509
351
717
817
872
481
129
1
312
970
798
238
405
596
228
504
468
911
58
395
322
718
812
433
996
381
690
766
857
613
148
874
967
194
780
555
373
363
489
327
722
567
400
373
159
552
564
941
529
436
462
282
337
383
914
994
722
633
577
249
631
577
840
637
602
714
834
316
465
141
917
706
490
262
781
443
387
926
919
702
79
99
502
981
670
693
194
56
881
957
672
635
597
737
42
236
20
955
667
598
42
200
385
783
192
248
5
755
411
139
213
538
583
22
119
995
992
496
704
395
5
463
827
75
485
612
649
715
276
523
433
648
552
912
18
258
793
816
718
568
373
810
42
784
892
34
421
46
524
368
696
695
493
560
472
732
50
919
754
760
21
796
129
722
727
524
203
271
914
21
868
153
109
220
741
951
986
324
291
134
985
814
897
224
453
219
609
456
541
508
133
643
91
508
58
31
59
270
475
281
828
488
39
532
73
587
582
867
293
642
454
742
906
475
975
429
326
242
611
170
20
958
827
282
979
898
631
64
332
525
900
126
203
399
864
939
413
319
311
743
103
773
2
831
786
720
69
542
739
197
893
484
783
247
286
180
34
296
828
525
551
856
956
762
362
503
71
888
95
229
884
168
627
801
340
113
940
583
528
237
444
217
241
757
941
550
701
749
533
806
738
132
810
498
858
256
752
582
972
846
582
590
193
583
934
374
442
784
704
499
168
244
644
264
15
356
95
975
466
720
667
619
21
820
426
881
764
323
268
983
240
556
886
341
136
541
280
438
920
311
911
894
752
201
606
67
148
871
142
25
184
734
489
964
179
800
272
102
35
997
140
348
600
979
777
823
286
240
577
767
164
857
943
801
773
597
579
185
945
900
730
673
665
284
710
631
286
237
980
721
38
219
312
887
874
87
314
366
953
731
597
169
934
118
207
978
406
298
406
476
15
524
796
550
453
711
222
182
256
308
466
164
816
784
58
105
727
338
52
438
122
912
32
752
827
15
604
114
563
24
588
93
548
840
37
223
772
736
253
535
372
203
142
588
349
334
367
809
664
669
829
172
785
326
230
184
17
213
321
565
623
609
808
760
97
892
969
187
580
724
6
377
962
327
238
77
891
158
89
895
762
29
774
428
603
633
929
702
252
859
99
353
647
529
347
490
794
740
801
136
780
363
755
223
191
570
210
120
100
394
200
502
672
852
36
467
715
339
257
836
381
378
171
962
163
112
672
868
77
455
93
900
742
983
483
358
597
568
334
401
644
558
391
390
417
52
997
745
995
69
0
152
96
618
794
272
441
536
372
772
19
326
372
29
46
28
304
424
23
499
112
534
596
283
948
559
592
557
381
855
991
91
332
577
662
763
512
632
423
888
225
381
474
654
240
484
481
326
191
569
892
699
602
62
32
318
813
367
101
776
881
646
462
523
348
272
917
891
629
521
790
575
603
439
193
691
267
415
566
21
95
767
988
311
882
200
239
258
849
204
483
601
737
308
165
332
269
495
68
150
470
147
898
650
63
250
707
969
841
374
503
434
36
556
410
698
788
354
441
80
307
764
322
671
952
287
273
395
235
801
900
643
176
118
372
279
289
890
181
765
840
907
227
468
217
245
362
965
445
599
70
408
302
296
40
639
813
166
221
176
513
309
502
484
593
974
984
745
414
526
560
575
699
162
617
144
763
234
619
702
739
203
826
446
664
356
430
372
368
458
593
251
25
172
71
739
377
448
769
442
638
360
688
642
606
754
20
127
657
222
795
514
837
103
288
518
814
58
590
488
687
136
976
843
85
107
172
16
476
945
442
148
874
422
186
484
777
752
997
667
541
944
346
484
936
166
40
588
99
818
461
350
392
577
425
758
189
392
885
879
332
530
455
225
161
512
314
45
183
100
307
392
711
694
301
916
250
191
137
944
254
348
558
68
600
87
676
182
697
342
186
162
671
999
669
679
934
256
372
75
614
470
187
311
381
598
792
653
756
907
838
44
934
926
765
238
448
169
198
950
622
364
631
190
246
13
213
894
273
581
30
541
823
194
78
285
629
285
527
228
716
709
80
939
655
126
7
198
629
728
405
945
633
368
814
234
565
968
896
578
925
976
534
156
645
13
894
286
188
744
788
716
416
717
806
785
855
352
849
508
61
126
917
494
54
358
968
375
427
918
521
610
17
965
437
853
408
387
224
934
709
729
489
406
164
926
628
860
359
778
896
532
484
661
351
244
338
372
631
381
651
320
46
927
339
899
192
841
199
446
660
165
236
826
61
811
293
524
166
83
917
139
858
794
391
764
7
956
590
276
715
32
79
361
426
638
68
164
768
545
660
720
470
96
938
652
835
243
892
159
714
226
664
1000
283
887
37
594
125
35
99
972
908
120
845
626
89
438
774
975
765
405
449
935
926
158
166
654
180
444
338
885
38
908
601
959
298
831
964
710
211
473
490
657
531
656
306
629
404
404
943
312
359
341
991
278
707
165
138
47
577
693
562
681
376
394
175
913
600
183
736
867
446
434
97
357
484
396
640
84
949
459
455
518
302
759
725
73
499
575
253
142
341
755
193
727
909
799
698
588
520
723
939
752
221
875
120
135
237
581
517
370
770
909
315
438
181
807
121
104
926
165
35
280
365
344
473
601
286
617
663
7
434
974
184
982
131
924
146
615
366
462
424
797
122
702
979
745
427
650
933
293
556
624
402
367
377
720
340
78
367
458
425
965
295
206
842
310
776
563
950
985
756
38
78
339
468
844
230
410
570
932
936
285
221
222
188
344
213
357
288
131
481
781
997
345
952
442
831
748
163
621
429
730
395
261
748
434
740
247
572
706
719
250
667
393
169
879
887
243
15
744
361
130
900
426
572
600
504
916
832
174
305
573
874
371
377
360
931
185
77
208
100
730
23
12
950
596
116
95
584
867
33
319
834
647
366
346
209
947
478
877
547
402
889
744
494
522
575
311
206
360
828
339
96
350
801
574
99
69
516
284
83
581
824
67
266
913
360
140
355
168
653
321
701
969
75
838
360
301
760
43
647
926
544
900
703
794
880
41
251
920
234
442
48
314
311
922
244
625
509
728
908
139
705
727
777
549
496
409
258
448
13
762
349
513
251
792
513
524
724
265
296
652
138
680
532
559
263
830
639
615
972
672
94
975
356
56
76
748
989
391
304
943
990
421
431
684
182
977
716
102
105
581
621
236
302
756
37
842
224
486
346
440
316
650
861
411
695
281
129
632
334
98
536
859
449
190
300
461
38
585
685
648
639
334
428
306
742
9
137
989
903
538
490
796
851
456
478
427
386
593
16
933
312
165
911
302
724
724
120
4
201
72
918
53
39
91
678
427
945
428
378
917
522
438
540
571
89
734
938
356
405
459
314
784
382
665
510
208
253
216
80
671
318
800
572
302
598
692
89
361
871
847
173
314
204
329
667
852
486
35
89
567
93
300
149
780
209
461
72
282
518
551
391
10
181
980
721
148
180
666
406
5
419
483
57
431
852
100
386
126
970
499
173
462
632
77
674
182
461
326
993
585
636
151
815
977
853
677
300
171
489
349
187
985
964
401
16
817
0
182
915
342
202
377
351
803
514
178
797
712
214
414
525
683
296
131
608
984
804
333
168
519
598
766
956
586
84
47
634
849
494
694
284
849
524
36
174
589
69
57
184
962
550
463
638
707
498
146
788
580
773
770
569
102
625
951
788
768
831
983
206
940
17
500
817
192
749
755
584
176
998
596
322
251
226
856
633
614
347
801
183
44
910
925
672
931
528
954
47
682
197
146
96
63
831
746
61
584
159
865
707
694
42
950
187
565
471
560
260
661
50
982
388
316
103
585
502
779
631
774
856
144
647
64
383
494
559
790
119
696
982
873
2
95
316
760
781
819
248
187
395
138
861
54
484
741
182
653
275
516
571
955
828
907
117
906
4
805
877
476
116
337
177
606
644
901
244
676
393
596
202
202
304
902
399
338
372
121
977
939
63
517
556
727
662
913
486
691
821
395
87
660
199
779
386
535
929
131
85
569
334
938
711
445
175
632
126
960
183
930
464
310
125
777
431
597
549
775
102
84
80
700
544
943
10
956
984
247
17
168
471
318
409
26
830
138
56
517
813
998
129
95
889
545
111
531
83
557
172
34
258
601
425
453
434
882
7
0
552
444
784
426
76
759
241
765
616
825
444
365
333
13
385
157
437
531
532
108
975
342
564
901
246
340
150
480
583
837
408
445
881
677
699
619
681
265
682
461
68
955
963
490
134
110
679
173
500
12
611
873
202
909
188
307
36
575
206
376
328
594
186
21
967
877
889
758
904
168
663
87
393
96
361
769
770
78
764
810
678
109
906
750
171
17
123
797
335
431
935
36
642
480
341
387
275
618
928
212
936
336
81
343
2
665
307
378
102
722
412
191
306
792
421
492
862
589
410
164
261
616
334
181
70
38
688
135
482
799
723
328
75
328
389
61
45
192
128
586
361
591
421
640
399
676
25
360
357
83
376
79
199
484
525
835
1000
563
269
788
469
958
103
807
928
715
55
541
613
590
273
165
88
984
347
615
439
492
506
970
581
446
373
935
476
503
553
578
124
90
153
533
322
15
814
649
204
814
314
476
738
147
378
719
662
680
32
299
649
291
304
441
766
634
306
260
361
258
114
767
38
408
694
492
868
212
730
891
718
689
947
26
720
743
674
675
567
942
609
13
926
563
989
254
513
288
43
47
858
711
33
847
586
520
534
244
871
435
377
394
329
624
229
486
3
895
843
968
861
45
701
805
638
587
784
126
735
863
534
955
178
410
791
563
775
707
809
507
38
211
943
56
0
444
993
875
38
710
691
624
911
11
484
855
894
84
834
399
709
495
958
569
743
814
786
696
655
201
207
193
818
657
734
604
534
395
294
615
477
203
417
971
983
816
630
807
210
358
142
180
496
865
310
675
910
700
278
852
383
515
912
678
123
737
245
794
836
531
8
323
918
239
874
366
857
709
95
706
843
564
636
616
55
341
79
194
778
756
715
672
161
641
655
205
549
590
569
687
121
596
34
283
691
535
305
735
214
692
127
794
782
235
894
472
388
835
516
37
915
253
401
362
86
54
931
748
424
411
510
431
181
872
498
711
73
919
140
827
514
980
465
771
431
553
888
488
868
473
948
988
301
110
830
955
569
714
989
677
285
303
469
949
174
862
344
14
546
395
403
427
850
537
399
947
195
279
715
765
644
867
404
288
183
94
617
987
61
854
898
561
611
957
769
987
834
283
274
9
326
760
304
885
622
75
980
619
156
294
921
435
769
902
996
380
487
352
301
89
179
190
689
164
616
971
857
798
467
397
14
966
574
717
443
583
338
318
280
753
397
857
649
193
601
419
592
574
607
616
281
191
321
395
477
389
722
526
628
523
486
684
313
559
921
85
547
467
550
942
662
980
413
605
962
301
74
536
820
437
145
526
139
520
987
680
869
331
293
925
579
276
878
103
205
924
675
799
791
577
443
633
242
127
701
27
843
787
226
587
330
142
912
311
585
868
515
474
496
549
428
844
857
531
465
628
221
597
411
642
683
189
775
829
900
424
965
727
135
508
936
389
60
589
186
841
985
57
556
690
9
1000
169
75
796
792
915
449
442
44
381
43
179
943
616
712
328
559
583
422
605
149
388
300
237
607
723
837
620
481
392
780
87
310
31
529
855
130
463
34
444
197
43
547
365
507
667
418
449
153
675
476
405
165
875
369
580
429
949
134
375
617
351
623
959
567
468
492
619
651
455
805
619
117
329
281
240
585
412
890
5
228
827
837
82
309
791
918
830
217
295
687
844
188
600
636
79
520
673
102
596
283
541
456
854
597
638
18
671
240
701
756
965
737
571
96
102
428
574
488
17
860
607
87
953
8
939
720
461
855
779
877
945
996
479
169
793
297
314
383
706
38
225
661
849
358
909
167
320
401
33
634
460
117
991
783
344
455
683
996
872
920
655
184
481
581
128
78
632
871
174
908
519
110
514
993
201
907
47
402
984
143
552
390
970
475
970
804
992
676
783
858
631
261
115
771
884
133
394
384
591
107
974
445
942
678
141
359
326
128
405
208
994
925
87
277
644
555
800
355
581
910
760
919
288
355
914
499
14
779
550
717
914
256
472
964
459
468
315
909
548
967
603
373
379
258
964
88
606
441
948
963
397
166
714
540
682
609
805
610
861
737
444
715
71
969
840
340
947
302
818
215
746
27
1000
328
617
13
818
573
0
146
347
795
643
546
109
94
466
833
486
933
330
467
764
764
882
91
512
36
671
768
741
921
25
118
631
355
782
91
858
755
995
86
879
137
914
657
460
908
258
559
597
201
459
317
506
999
127
404
75
896
84
284
545
829
312
972
269
585
868
431
664
349
780
138
891
390
988
727
114
846
966
462
513
740
934
873
301
300
143
351
114
610
235
833
265
810
23
461
629
59
523
326
388
875
569
844
940
538
977
961
58
466
310
406
81
247
366
814
89
503
286
571
686
516
90
427
776
428
864
713
160
876
788
577
757
67
600
676
789
4
441
448
320
599
716
456
562
276
961
852
385
983
672
637
524
535
539
646
261
256
562
196
257
569
94
810
338
884
396
39
938
3
331
255
503
89
952
75
480
286
637
266
808
331
705
256
835
235
594
631
537
349
604
637
517
730
791
686
537
290
977
6
298
661
724
336
844
205
14
189
304
60
913
630
813
892
547
393
560
296
926
294
201
777
765
895
747
861
91
961
863
265
911
843
784
949
883
353
623
19
190
125
177
22
489
83
169
220
912
881
54
250
329
639
751
823
841
292
755
310
656
156
134
7
528
747
514
486
928
121
965
90
524
405
512
449
928
63
276
418
7
487
674
8
48
968
724
49
653
21
759
280
742
360
10
194
916
581
817
741
905
431
355
661
347
482
129
260
977
571
316
537
329
704
982
331
661
883
237
710
309
533
982
616
793
487
989
783
241
143
959
769
510
431
330
312
543
212
856
697
508
376
101
644
131
894
745
891
456
283
38
595
881
147
54
276
642
222
670
682
374
687
210
796
303
37
528
519
696
175
455
172
316
608
493
284
956
145
411
676
587
368
920
714
50
644
614
73
512
77
231
77
999
341
255
371
294
260
956
562
736
88
903
424
790
428
718
489
630
685
694
58
860
430
780
825
202
472
500
460
17
599
156
373
824
223
510
953
353
615
136
203
821
130
377
830
298
30
578
300
478
729
982
789
473
263
89
697
536
274
496
212
960
427
300
719
50
588
867
583
4
973
224
426
662
144
795
620
542
176
450
242
374
364
134
732
279
495
159
52
9
96
120
279
732
705
92
278
699
887
155
420
430
976
215
486
465
906
749
669
140
717
815
587
422
875
222
867
52
575
669
625
602
178
572
931
179
404
63
432
281
499
947
265
465
562
680
595
723
120
834
435
370
9
727
352
545
740
784
289
427
462
77
897
320
692
47
344
9
591
793
308
332
476
220
507
72
31
760
239
479
427
56
495
897
974
345
776
685
106
34
209
957
205
213
362
189
4
422
757
583
304
489
781
410
323
223
442
398
656
440
126
744
128
690
330
42
622
138
106
14
51
459
952
322
154
479
937
259
622
308
104
182
206
410
739
893
953
615
688
186
596
71
972
342
990
154
746
519
472
414
75
790
581
952
956
653
690
647
608
870
508
993
853
215
730
179
756
852
204
320
506
630
986
50
977
124
911
136
455
695
135
849
426
494
901
143
570
676
24
266
54
113
825
501
905
479
133
731
685
447
116
677
272
782
847
877
822
698
253
264
492
327
991
164
118
162
350
873
934
36
668
523
227
112
603
595
483
222
711
838
655
327
391
494
215
616
442
627
937
427
310
374
534
95
510
184
127
324
997
184
626
773
426
648
564
5
868
184
722
23
319
642
954
695
663
52
204
764
596
744
29
230
777
506
640
274
201
840
907
63
40
65
546
576
673
767
451
225
43
177
811
913
380
330
939
983
497
840
962
713
226
716
229
50
71
175
718
852
869
102
395
482
677
770
237
795
78
260
84
958
484
958
375
780
82
458
924
174
391
815
322
141
285
135
471
584
751
836
526
414
145
317
277
917
971
696
93
903
345
668
876
678
478
582
629
699
975
626
230
541
36
880
239
113
495
700
910
821
303
946
732
996
435
134
252
45
181
511
622
557
537
578
192
621
979
848
369
606
372
67
872
849
262
405
571
821
198
148
181
238
941
637
323
964
232
842
233
248
766
295
977
13
220
415
204
43
662
755
305
358
155
326
194
149
624
972
970
906
244
327
669
873
12
252
196
134
66
504
148
988
847
862
160
711
52
709
37
489
80
249
257
202
503
520
442
255
76
631
525
341
778
450
505
42
800
868
99
714
766
556
142
954
214
234
762
9
199
562
564
526
244
746
899
304
423
136
926
529
772
374
648
549
305
777
566
32
780
502
630
299
723
6
637
653
382
905
808
601
181
655
403
214
96
396
16
693
691
970
647
93
264
668
393
78
836
668
478
475
95
646
29
880
893
969
6
823
1
575
116
625
555
769
656
698
244
29
42
581
646
657
148
93
96
182
665
132
204
798
820
966
348
732
655
363
527
600
637
15
655
622
679
878
909
260
438
818
227
211
257
306
722
936
396
431
419
325
484
306
549
470
711
916
280
193
182
518
916
427
398
14
121
688
73
753
925
590
344
764
46
184
794
598
855
121
427
562
109
916
515
113
304
37
224
968
91
877
994
829
438
80
436
153
109
95
522
357
54
529
454
689
837
928
164
371
74
101
966
701
444
777
272
195
466
218
709
579
384
364
996
845
509
971
850
791
260
636
567
128
579
950
859
297
933
627
522
666
181
131
486
84
426
936
120
583
333
776
998
703
487
710
534
832
578
406
750
307
615
43
924
956
340
566
601
318
598
675
611
647
802
250
471
708
931
97
67
491
765
845
876
579
599
645
275
916
185
212
464
576
941
789
631
852
951
667
268
502
26
201
286
666
126
392
888
381
559
233
975
261
185
131
670
469
646
903
264
877
172
374
599
554
877
284
368
487
852
112
662
624
344
746
783
198
115
272
717
148
47
727
78
363
522
447
189
659
953
891
193
416
882
661
979
896
318
680
933
922
782
134
333
215
608
853
717
642
823
504
625
601
124
434
469
446
325
648
725
194
43
757
71
97
547
942
170
604
501
64
235
134
308
539
315
362
542
4
289
783
334
481
820
827
122
945
614
821
915
223
787
404
372
587
820
933
639
929
495
909
918
737
772
968
504
440
387
643
64
159
610
536
36
701
994
729
633
793
363
389
645
708
691
911
321
678
207
264
723
169
16
329
194
201
214
446
533
55
78
923
761
478
109
732
142
500
320
440
853
455
148
505
226
5
441
88
679
58
592
151
867
790
281
142
422
700
817
723
859
975
397
90
413
67
597
596
900
320
721
648
703
406
48
914
140
327
789
812
427
969
766
248
762
752
320
176
827
413
951
604
244
564
101
60
202
32
794
272
119
645
863
794
771
66
256
220
164
255
762
31
6
322
580
393
605
858
175
754
92
998
366
288
14
560
961
29
39
155
738
765
177
329
899
344
844
795
550
214
908
417
340
930
999
300
264
551
419
749
371
751
574
47
664
157
529
273
962
429
967
693
850
264
216
803
725
319
104
955
617
77
11
806
253
241
442
966
693
343
527
641
178
271
84
633
87
927
240
854
573
768
226
370
663
85
738
331
723
966
672
318
729
645
944
727
506
194
515
444
590
310
550
854
353
500
572
557
468
289
106
555
543
49
990
591
358
936
749
23
285
820
388
928
68
615
474
855
321
303
383
477
264
853
409
281
660
853
449
36
15
4
441
676
569
37
360
24
168
441
612
560
21
234
966
970
874
398
140
907
138
637
85
338
466
28
852
392
83
296
527
288
319
547
64
148
628
46
106
488
768
618
931
725
821
260
316
162
556
739
836
233
942
227
386
711
733
78
926
759
355
25
79
209
83
254
622
950
914
148
193
65
886
139
402
350
521
297
810
637
112
830
226
233
664
186
187
17
513
106
710
528
954
583
44
695
598
380
591
160
896
439
517
780
425
67
549
163
976
442
219
731
654
724
539
406
253
860
114
622
372
871
115
952
368
211
27
318
325
41
216
702
735
39
641
334
875
857
403
673
784
140
983
783
203
130
566
91
404
140
195
890
252
784
85
853
43
705
565
390
786
70
570
596
865
619
57
697
572
615
83
20
27
801
263
809
836
946
396
203
27
948
390
596
416
650
655
633
700
409
920
896
408
364
229
384
469
77
456
779
501
843
483
128
535
648
362
561
538
657
153
760
49
427
588
520
37
195
99
58
275
901
224
559
736
801
659
296
213
604
929
165
760
223
585
817
619
136
777
205
145
943
319
88
875
72
875
854
139
2
52
680
720
307
810
575
898
589
828
287
244
673
25
712
826
303
408
951
603
805
934
435
140
602
616
621
658
343
739
52
860
845
711
942
201
248
199
817
666
386
740
1
724
784
965
683
497
283
267
234
28
150
191
359
57
356
121
363
565
983
863
249
980
616
512
337
163
165
852
891
194
713
756
599
27
929
631
79
480
754
44
211
184
759
841
558
873
318
950
691
450
288
861
51
869
132
515
461
4
724
625
613
957
743
3
81
546
916
368
112
333
492
183
530
636
909
837
80
146
726
510
21
708
52
279
5
7
72
811
483
134
144
836
742
600
837
178
81
151
48
658
461
258
870
425
145
636
231
66
657
289
0
515
880
218
824
329
660
789
298
263
412
710
404
942
34
828
951
536
542
728
652
707
748
778
445
811
384
716
582
879
279
91
427
503
629
340
235
418
239
659
797
356
361
634
34
653
926
517
960
633
451
112
340
124
66
58
165
415
353
153
370
757
356
987
738
44
204
918
880
620
443
241
476
550
753
30
529
20
59
129
395
322
960
683
750
449
453
382
635
672
319
179
500
646
29
731
999
542
384
805
171
205
174
6
372
189
113
31
730
89
814
508
445
757
999
507
274
417
945
409
848
45
68
566
162
158
649
253
988
430
46
606
752
109
809
746
171
864
809
254
176
568
509
610
422
918
338
193
596
429
255
387
923
510
753
37
835
570
771
274
81
705
383
139
815
200
930
691
486
985
249
798
757
568
202
242
293
821
382
303
421
818
571
207
164
921
98
597
490
887
423
953
841
400
687
238
841
275
59
658
785
532
745
301
587
925
363
120
683
43
50
409
213
847
284
876
5
377
203
199
652
981
311
296
951
640
826
218
805
63
460
577
458
517
382
566
540
611
992
18
869
728
158
98
723
447
260
247
794
69
207
812
339
189
141
637
17
584
507
874
706
225
334
231
553
44
885
725
572
60
971
881
256
315
835
643
990
273
303
560
744
223
355
148
387
43
562
476
511
689
542
281
94
353
622
309
241
725
285
72
605
374
449
239
906
14
514
859
281
588
692
427
514
626
731
670
859
212
693
168
80
711
787
466
278
704
202
87
614
259
188
709
109
582
518
5
796
658
533
43
946
910
176
50
630
364
728
322
105
87
861
652
772
499
731
469
60
731
165
957
154
384
306
687
846
382
475
204
33
318
740
448
34
627
711
10
267
88
373
530
768
201
335
306
752
673
173
74
324
820
68
216
735
400
452
806
804
195
355
979
379
424
885
128
206
855
195
531
996
749
740
468
243
545
119
33
374
148
488
287
448
756
945
221
885
169
219
880
789
318
868
847
985
174
24
95
822
846
263
424
567
857
1
322
216
774
161
442
119
937
417
387
302
50
236
503
787
324
367
937
366
506
197
916
924
332
526
842
792
46
490
878
331
960
174
495
867
743
145
195
122
815
278
610
841
88
918
645
16
855
903
19
859
443
997
936
127
222
392
136
582
100
926
933
89
430
583
138
190
442
695
601
908
128
696
729
245
506
374
672
274
521
997
918
140
484
393
36
714
469
933
702
355
318
559
273
234
679
186
416
411
850
644
81
392
45
402
208
985
552
466
929
974
380
865
372
581
177
924
668
457
731
297
537
888
939
381
699
614
943
721
442
571
84
295
909
411
508
229
789
816
930
257
874
597
54
297
404
100
736
394
190
727
24
475
122
653
136
60
593
668
490
295
874
942
194
159
265
457
282
588
693
992
278
549
613
339
257
718
513
114
42
285
78
76
870
765
423
208
747
472
987
552
157
119
323
346
686
953
389
882
173
459
891
312
430
555
98
994
943
330
213
324
703
550
127
716
616
364
150
339
70
227
286
755
342
183
146
630
206
866
692
223
73
667
834
342
356
20
400
801
422
972
972
721
461
348
571
247
910
248
498
117
542
880
222
949
209
378
715
663
125
293
170
881
384
136
723
664
750
836
967
865
778
790
265
52
991
311
699
395
697
234
672
640
322
455
433
460
285
637
879
807
216
573
200
701
598
839
505
885
445
630
96
678
653
504
587
89
691
277
709
70
487
772
624
554
710
448
671
479
863
998
974
242
180
308
275
128
504
642
345
901
735
238
467
184
520
470
378
362
834
26
386
311
89
827
997
738
727
769
276
378
535
808
345
908
390
986
1000
794
665
197
950
365
841
969
873
188
887
824
95
216
417
340
159
544
139
260
502
355
269
858
230
658
987
784
560
233
938
358
831
717
262
257
977
218
390
67
486
884
292
331
206
228
574
412
42
382
778
247
541
124
485
300
632
738
407
481
192
468
56
383
133
43
720
680
569
896
204
522
65
121
635
808
131
525
900
438
959
299
504
533
261
992
869
687
429
162
344
235
37
620
438
963
861
839
551
630
410
648
298
993
13
671
318
434
567
729
918
553
150
423
585
235
822
189
167
546
478
397
851
810
166
454
912
470
341
824
42
379
872
957
357
880
583
694
837
966
430
543
822
366
772
539
116
514
601
504
528
146
694
34
70
954
132
287
32
483
757
582
837
773
602
118
731
52
405
211
455
470
381
104
470
429
826
350
228
899
254
216
503
166
897
321
447
580
706
932
491
54
668
410
344
495
466
661
963
794
493
961
267
911
95
162
444
762
165
423
880
493
652
629
367
286
289
423
194
644
672
220
969
175
14
671
275
335
609
663
531
916
444
9
664
767
465
697
201
595
288
243
797
975
884
332
63
393
129
634
617
207
294
806
19
47
322
707
904
124
124
225
313
116
500
610
600
151
864
441
923
893
542
421
801
392
848
673
935
580
849
637
320
907
852
568
392
134
24
194
67
66
121
208
914
357
488
936
64
487
474
952
453
296
653
753
745
838
126
290
785
885
993
34
205
480
104
674
31
787
142
991
166
200
720
26
601
807
879
490
611
565
369
272
308
186
199
897
46
770
317
842
349
79
429
821
476
976
29
50
550
618
811
80
370
143
727
318
782
576
524
493
619
221
961
741
196
618
138
695
422
960
499
9
766
141
200
646
897
548
884
440
488
184
809
900
677
84
494
280
853
247
596
23
239
661
347
183
494
648
807
850
888
546
763
236
631
257
931
20
797
188
137
816
57
249
766
950
649
317
852
392
348
611
175
82
448
399
374
245
36
10
861
250
285
978
682
983
945
555
626
168
273
462
541
436
925
47
160
710
146
709
115
364
997
396
193
796
524
317
902
332
532
441
398
645
228
278
311
267
429
163
880
912
517
512
797
850
427
20
383
257
797
233
818
990
458
601
960
944
778
344
3
603
414
823
569
969
420
102
190
862
418
890
190
726
18
111
354
361
566
817
406
325
589
907
296
760
590
371
372
227
611
778
769
509
48
569
170
281
337
889
399
301
498
9
174
8
564
815
674
35
539
556
319
566
543
644
580
512
384
115
234
475
198
752
32
258
465
771
849
297
282
705
971
404
390
274
768
546
714
280
701
489
947
301
590
758
715
405
441
314
294
394
673
905
541
449
583
346
362
727
629
122
855
933
420
13
751
373
80
252
910
535
127
360
377
849
333
598
250
725
932
785
706
559
987
918
201
418
749
290
631
940
183
255
221
524
274
997
430
471
72
961
308
652
125
47
28
940
451
175
68
507
55
773
669
584
798
779
250
46
815
897
97
651
236
639
580
68
810
242
943
201
288
158
951
805
616
971
821
522
552
706
915
227
93
207
165
971
369
672
379
299
338
201
517
44
689
554
694
933
782
662
738
875
184
461
118
745
4
574
609
277
299
324
832
939
13
248
374
898
552
906
517
713
97
56
309
508
762
726
888
853
696
191
458
806
799
137
452
327
705
588
648
568
0
820
427
798
857
342
138
283
841
975
955
193
351
807
829
169
585
743
50
404
273
52
414
984
817
643
94
714
616
768
386
754
78
373
77
533
823
958
233
720
109
235
13
957
903
351
889
95
873
114
577
737
780
698
581
134
772
763
282
438
118
361
943
611
805
558
253
716
178
588
101
272
553
228
51
322
975
345
437
295
986
740
481
310
165
395
395
191
315
469
552
608
605
167
158
914
362
334
457
488
620
12
643
742
539
89
516
920
600
204
887
782
869
908
20
482
925
437
696
29
739
653
472
639
686
275
749
644
253
849
20
99
381
771
163
872
759
671
894
482
761
895
48
242
376
92
73
390
504
874
515
260
658
65
440
580
983
0
888
726
360
110
45
636
649
158
162
612
279
419
699
317
188
878
196
101
683
367
21
541
97
777
820
437
596
379
153
263
866
949
416
290
209
46
724
493
889
290
69
120
549
703
809
102
363
431
268
991
608
249
811
752
175
979
977
320
927
659
341
151
924
540
372
204
912
978
21
173
47
508
717
23
133
280
867
822
775
796
870
218
84
859
215
941
896
126
341
407
138
90
562
282
488
161
457
542
696
610
727
280
290
443
662
422
445
564
551
772
866
31
802
359
162
760
780
132
224
363
878
399
834
315
938
3
173
750
307
319
431
575
196
198
58
278
600
94
541
623
899
147
92
219
533
665
270
115
875
132
815
588
275
414
997
831
360
296
278
2
488
23
104
628
288
475
10
159
685
81
65
654
714
185
923
200
991
330
157
539
170
641
67
519
891
361
725
56
548
922
378
168
760
349
286
179
485
173
84
581
738
576
306
769
630
701
777
572
239
813
11
504
902
407
925
367
274
772
967
274
785
9
798
989
20
463
930
293
771
725
638
735
512
503
666
476
786
875
86
486
70
250
811
403
335
16
751
365
114
969
314
950
386
794
78
759
158
0
893
694
963
400
102
161
690
793
131
404
941
727
297
115
410
723
974
21
567
423
455
34
89
691
209
938
232
553
509
1
935
12
92
962
170
310
861
98
621
255
602
637
359
60
808
393
382
308
239
533
728
894
425
392
15
882
946
221
767
671
389
58
569
816
89
129
543
873
516
868
852
231
558
114
134
839
25
274
303
30
723
33
774
1
534
532
639
220
726
231
468
367
504
27
213
401
824
89
584
612
474
283
858
477
127
434
659
806
107
0
896
852
925
479
700
219
136
518
635
331
334
997
376
705
117
767
687
235
85
390
302
892
832
181
46
747
22
586
622
810
695
574
74
3
927
274
58
64
598
697
408
572
941
464
360
317
243
951
2
989
779
502
271
647
697
953
227
738
864
475
543
538
437
17
953
863
720
421
706
894
769
234
968
979
826
238
795
681
642
952
576
68
189
17
155
921
660
479
936
89
595
137
709
517
941
909
778
807
618
107
58
167
511
997
314
323
385
47
675
372
555
755
283
294
717
922
860
327
587
668
842
177
801
527
235
848
84
52
524
158
843
911
833
391
637
931
583
320
131
543
