972
16
975
46
668
489
611
120
913
55
771
977
814
584
448
724
802
205
232
70
303
974
466
798
44
705
502
741
109
421
956
762
544
870
636
325
202
415
30
173
79
401
571
358
913
364
88
461
858
635
497
78
951
722
674
393
536
820
152
891
419
752
599
401
489
497
24
854
292
307
189
504
753
496
303
787
870
247
652
397
679
753
941
216
704
138
34
445
185
760
907
133
444
442
181
282
733
41
843
913
7
872
213
716
559
783
500
791
80
437
451
311
105
753
700
911
467
636
698
889
166
918
835
241
574
34
676
146
765
11
804
72
615
227
604
808
487
808
234
656
135
138
645
111
277
668
66
610
606
835
461
48
485
257
220
747
336
69
961
123
374
491
106
398
312
760
186
903
27
221
800
425
822
966
510
418
366
632
877
788
415
353
235
109
179
56
361
736
985
297
237
268
647
874
958
506
965
529
693
43
295
719
969
431
799
273
967
450
373
92
712
939
327
225
310
707
113
222
775
50
172
145
86
227
970
922
785
505
631
334
444
927
378
364
528
27
982
354
520
815
334
333
845
317
501
220
564
604
660
976
252
293
485
40
202
98
819
973
26
588
37
917
401
379
723
60
11
593
154
241
319
571
376
742
350
200
495
315
250
685
76
108
803
618
970
616
191
107
180
200
339
645
843
221
114
879
74
757
906
527
567
906
366
637
396
548
524
681
330
956
5
24
329
518
184
406
808
921
712
395
598
356
391
385
634
669
303
826
478
768
973
254
865
529
774
588
591
288
879
81
161
533
580
83
275
940
902
388
378
796
69
705
978
30
332
539
931
412
484
480
10
250
725
221
423
762
773
389
248
339
468
750
873
642
309
715
273
686
942
992
991
702
949
223
197
915
61
597
184
756
343
22
843
936
624
897
752
727
237
660
691
446
34
581
482
882
702
899
247
906
37
198
151
630
884
534
759
278
224
71
40
266
417
291
916
391
676
38
293
754
626
941
275
664
596
234
470
261
589
328
947
588
673
277
767
248
523
341
934
962
949
762
282
721
624
511
997
27
103
897
949
585
780
635
187
622
655
386
982
527
181
763
895
561
74
254
941
962
898
6
555
648
374
491
154
306
202
299
152
826
346
275
286
758
916
61
174
318
460
477
93
631
801
412
437
228
425
179
706
587
885
77
491
385
328
842
95
476
561
930
14
610
387
470
541
958
103
936
19
60
743
495
815
735
419
143
223
565
712
126
763
472
8
432
968
5
711
683
417
891
965
64
246
305
427
331
144
341
527
888
66
997
246
188
347
469
325
680
463
182
613
191
7
112
643
662
716
972
845
377
686
623
258
554
811
412
882
731
192
803
750
146
226
640
931
595
34
672
717
406
401
737
79
21
3
741
10
221
29
56
329
367
76
747
200
575
28
741
710
33
979
175
449
656
442
287
506
977
940
389
379
151
847
986
284
230
508
58
246
954
28
137
246
329
752
808
395
23
461
735
90
157
195
502
154
956
218
604
691
682
532
606
741
814
435
999
879
512
946
977
802
889
606
401
689
958
13
764
830
390
761
147
417
780
264
32
304
769
627
356
159
551
474
311
80
271
572
214
58
52
408
83
40
181
9
403
706
237
357
840
74
615
616
306
625
865
477
14
389
947
772
94
125
447
95
435
56
733
492
644
971
65
711
230
175
376
728
273
619
174
210
935
347
497
806
908
869
869
113
848
79
729
848
264
23
520
658
115
912
591
727
873
777
783
542
685
3
674
608
451
235
534
932
422
712
231
615
958
520
332
329
459
627
277
823
621
502
414
617
694
800
631
843
593
588
992
581
713
499
196
264
745
578
636
547
883
145
457
156
301
226
494
267
659
663
407
491
232
754
327
95
251
725
291
500
68
59
706
377
523
217
190
406
803
214
553
541
100
411
148
372
889
120
674
945
55
936
61
414
532
924
214
148
281
537
403
391
403
799
759
942
265
96
292
244
315
661
122
801
600
982
992
707
977
78
686
837
137
307
838
250
794
168
317
24
806
1
922
508
275
955
210
217
829
659
60
822
610
450
729
145
579
116
5
434
929
462
368
351
660
755
723
689
866
127
903
846
730
936
253
406
997
363
675
811
306
336
177
272
320
328
252
322
446
249
926
657
948
379
110
298
55
370
626
249
170
186
729
254
492
595
930
941
394
876
788
264
999
144
512
968
187
55
862
279
873
401
79
245
544
420
530
475
758
624
580
217
234
480
373
498
676
293
342
528
929
351
209
575
678
10
529
376
994
141
748
360
944
708
982
163
597
923
63
26
613
103
275
711
158
625
905
286
396
988
334
886
370
870
357
882
58
918
141
999
158
309
388
639
951
946
273
616
298
235
639
611
203
245
320
880
883
720
417
996
916
14
137
291
122
257
936
516
326
19
125
426
408
563
756
323
186
11
249
693
205
662
474
764
318
130
451
230
452
140
291
195
498
295
847
325
104
822
674
742
875
57
440
23
574
120
374
554
621
118
598
725
922
46
809
949
219
425
793
245
954
214
930
126
84
398
4
600
870
415
57
19
566
890
643
451
60
950
527
931
431
392
923
135
418
922
640
90
372
439
127
294
111
549
495
955
617
2
16
820
808
309
862
945
472
279
3
199
850
499
520
455
795
334
958
118
979
361
518
782
923
600
156
723
691
701
436
46
980
376
943
724
357
55
147
840
872
48
125
320
24
497
681
60
302
770
355
959
252
391
488
14
282
181
706
497
94
771
226
167
734
695
762
350
851
952
206
426
983
664
795
636
508
356
361
141
545
431
629
977
935
51
882
772
537
575
259
353
236
546
360
544
972
984
315
565
140
777
411
890
27
232
455
797
799
769
467
492
793
639
740
54
355
129
52
645
248
79
689
327
197
358
92
806
934
120
631
4
974
60
97
285
167
452
675
17
967
438
864
574
48
354
515
374
621
626
379
478
917
52
524
546
835
488
228
776
859
889
122
397
878
811
419
660
509
131
942
280
453
756
504
575
260
657
167
416
475
825
998
724
43
757
213
642
113
496
804
209
932
395
70
238
281
786
289
725
157
727
135
397
8
654
564
553
112
943
361
225
234
223
860
561
546
309
801
340
364
895
936
264
540
390
465
120
390
490
643
329
896
276
260
5
223
20
42
557
964
51
359
408
791
66
147
97
339
466
516
401
434
473
704
86
812
474
630
402
515
175
173
48
714
200
242
251
789
16
162
38
177
140
339
341
873
348
331
844
16
310
245
146
68
503
272
695
548
891
339
7
70
310
389
387
603
32
926
371
710
23
966
849
527
746
140
760
787
544
639
506
172
830
1000
463
322
738
767
305
290
736
491
687
45
378
32
988
231
954
753
634
356
434
724
300
52
521
722
166
469
877
379
723
78
598
709
535
89
680
132
327
784
220
112
961
3
606
128
482
739
726
615
876
882
858
525
167
941
234
233
363
640
315
297
61
478
100
166
316
103
578
71
573
452
666
940
442
612
441
727
111
472
965
263
493
600
183
685
830
912
29
416
982
120
49
748
758
321
875
613
383
938
163
573
316
249
515
46
515
848
607
167
369
249
723
105
919
340
985
73
393
831
171
198
685
100
71
787
240
29
634
152
818
472
915
856
229
277
851
421
124
57
779
543
888
566
580
736
411
568
379
847
895
565
505
164
230
288
270
286
874
232
679
808
263
959
56
221
450
374
341
978
44
159
647
976
963
183
819
75
1000
55
967
391
303
924
53
23
615
552
134
140
683
763
952
462
663
488
563
199
512
850
36
751
84
385
910
869
619
276
512
30
807
415
829
645
723
452
892
139
459
806
45
2
629
664
715
449
318
193
625
871
149
426
100
168
350
596
221
390
281
753
909
569
252
363
529
833
249
109
271
268
150
538
194
551
601
450
407
229
504
845
445
812
760
356
812
579
512
967
512
461
38
732
842
110
791
926
910
409
848
117
763
349
377
606
986
482
420
104
787
388
589
253
709
414
938
571
93
721
805
242
930
86
444
535
789
466
440
497
501
647
477
378
849
920
389
441
574
50
104
26
256
961
771
603
113
565
680
676
188
722
24
11
368
972
716
960
813
101
783
517
636
311
231
265
328
701
265
786
596
469
71
142
332
311
14
649
573
909
707
810
250
632
473
493
471
903
736
742
90
342
698
59
341
454
399
356
649
539
589
12
965
303
936
530
119
524
850
721
751
641
877
259
754
625
546
421
893
158
586
89
975
965
364
976
917
417
672
439
898
466
302
807
280
77
978
265
893
539
105
991
56
982
509
309
343
532
465
902
976
42
541
420
874
343
525
753
144
34
731
770
223
112
114
428
688
871
204
367
250
689
702
996
647
911
588
190
254
573
958
141
604
409
14
620
572
298
220
188
26
427
865
815
680
288
564
502
281
521
228
326
169
757
800
54
160
691
500
337
569
890
579
658
144
343
879
783
504
513
319
445
841
475
353
508
436
200
224
703
169
418
389
840
5
592
182
119
986
349
623
921
278
749
184
808
445
480
673
945
951
327
196
470
347
877
877
730
248
705
966
805
471
179
956
812
232
286
138
452
990
666
469
56
961
336
455
51
839
745
132
142
42
999
582
840
789
558
44
564
46
525
752
955
997
241
864
618
905
0
518
418
319
770
218
64
308
966
844
160
669
290
660
90
557
177
977
709
419
467
136
832
813
93
582
76
358
532
981
576
990
78
266
694
809
961
40
737
923
604
364
271
26
85
587
710
120
374
445
804
447
371
154
296
444
176
222
728
861
269
370
740
303
521
830
321
569
148
243
337
725
140
124
569
219
330
178
924
739
283
614
691
357
264
975
457
949
991
62
514
81
428
231
841
776
454
487
920
457
471
534
542
18
323
472
341
305
304
628
64
532
521
674
39
381
695
196
226
920
613
998
141
82
535
490
612
455
923
78
418
550
90
877
558
483
87
378
245
350
253
797
469
473
33
586
96
969
703
822
517
332
39
748
686
145
611
736
726
765
99
476
111
936
723
105
740
916
228
51
716
906
238
6
151
911
483
401
415
315
147
784
449
69
659
72
3
89
967
228
801
982
340
119
873
184
308
987
443
963
725
795
560
4
816
246
594
841
127
208
184
367
851
477
85
70
513
288
54
426
931
686
452
761
598
745
145
614
875
11
967
649
683
740
421
427
829
640
19
314
673
393
635
814
716
431
958
182
36
545
167
204
861
962
712
137
277
179
10
24
409
545
342
117
866
256
517
700
407
567
324
555
688
904
369
94
877
902
336
104
53
23
716
429
131
108
609
466
640
494
61
227
453
675
282
887
687
808
908
834
175
279
144
375
397
517
298
866
282
17
905
651
572
940
178
115
146
638
383
278
605
114
260
253
837
892
971
328
692
421
224
852
47
490
55
963
680
780
702
795
112
896
79
748
197
603
605
28
62
461
949
422
277
237
941
880
618
883
59
192
340
423
203
991
220
578
105
888
805
538
641
33
97
791
753
968
987
355
417
412
856
159
486
658
357
150
213
160
936
1000
412
79
753
172
154
240
125
851
283
40
698
994
71
481
728
154
755
470
588
102
817
996
468
507
324
330
729
647
824
837
159
526
95
969
907
858
494
599
271
286
317
485
940
854
999
516
781
367
391
791
105
786
901
519
919
476
57
162
403
143
562
665
945
207
383
956
230
700
682
547
662
320
139
870
235
655
527
796
55
742
907
584
498
437
815
205
195
438
958
996
313
28
322
674
236
659
23
251
486
749
73
785
60
56
890
961
211
966
605
933
847
258
548
615
386
859
541
760
631
962
32
782
248
317
838
849
206
487
969
707
410
88
808
288
46
262
651
164
886
183
487
283
264
89
239
30
570
682
165
899
993
546
703
591
453
527
682
921
846
435
643
235
341
632
126
516
162
906
504
476
401
5
532
952
649
344
111
94
183
570
86
823
657
358
184
136
28
532
264
367
167
443
148
184
2
59
110
144
769
880
946
269
614
161
205
55
421
527
31
918
75
751
68
214
705
759
311
452
733
447
307
416
677
380
588
958
308
146
946
861
516
484
737
31
449
474
279
930
703
608
73
991
691
16
451
32
294
776
184
215
245
9
637
774
434
784
742
605
293
699
860
631
14
476
788
633
279
536
366
655
961
220
253
921
923
455
884
925
79
369
108
485
105
197
916
161
255
650
126
820
650
90
453
844
694
545
271
54
605
769
182
327
627
195
794
429
998
723
384
814
736
693
334
906
772
344
914
517
717
112
731
616
462
727
897
164
7
783
306
130
109
891
754
992
951
763
183
617
119
239
545
637
963
568
580
762
625
819
177
261
475
766
689
387
468
840
204
270
165
475
214
73
74
656
210
708
673
352
795
434
826
787
798
18
749
483
39
194
640
289
891
620
623
401
933
906
60
699
225
791
402
104
528
210
701
645
256
547
825
322
263
212
838
649
148
860
838
120
845
720
243
986
809
981
863
415
542
60
24
929
387
635
504
821
247
986
108
2
966
798
458
696
905
133
1
203
442
809
527
359
603
970
721
172
526
268
864
725
330
856
534
866
954
926
220
173
318
955
545
643
189
761
650
961
300
20
820
863
629
732
79
481
125
427
280
472
214
894
843
120
321
406
420
997
28
536
649
438
685
320
647
574
415
689
233
3
912
549
717
601
230
771
839
697
431
955
519
748
882
278
780
586
6
948
167
48
555
84
850
292
705
605
973
571
440
113
596
376
470
511
238
692
346
758
906
679
10
794
689
954
376
531
941
773
824
827
653
843
315
204
702
610
737
976
469
503
898
312
883
624
911
74
591
709
912
330
140
501
826
36
169
344
385
305
348
58
679
770
408
967
666
213
312
194
817
978
211
745
794
781
260
633
847
261
366
51
234
814
427
905
516
153
523
471
435
733
50
426
685
620
89
840
803
709
339
988
717
744
723
291
911
761
656
807
156
469
552
419
398
74
201
89
457
467
175
450
627
166
647
114
429
69
540
443
761
299
730
184
416
51
387
378
668
509
547
425
869
948
581
281
124
670
392
188
967
944
735
431
902
234
229
234
438
455
727
791
414
811
661
588
100
260
981
600
792
761
906
961
10
858
219
198
706
430
215
734
363
870
673
658
772
46
649
93
976
963
9
196
212
552
125
727
898
906
197
788
849
472
523
554
817
678
419
30
746
936
646
720
113
706
644
141
386
934
840
458
247
631
666
66
441
843
609
532
673
581
124
400
509
875
415
804
729
266
522
673
216
719
948
277
951
232
430
457
409
234
964
233
666
404
101
313
228
487
887
393
495
520
502
924
753
418
888
715
395
127
524
111
399
117
671
528
547
877
203
9
400
773
204
783
380
815
906
204
806
771
20
102
908
340
463
619
399
828
535
217
937
85
814
102
209
896
859
464
520
177
54
706
968
649
35
873
217
774
528
513
712
256
299
914
131
240
529
837
636
255
444
707
413
874
433
966
77
355
579
804
488
526
467
812
820
916
216
730
473
306
74
106
328
459
569
951
121
65
143
228
961
184
518
978
359
74
552
585
67
18
715
403
9
957
578
363
508
107
737
719
447
555
307
884
137
170
223
328
304
513
139
741
445
260
891
756
781
122
524
406
82
154
115
842
320
91
387
487
155
303
138
192
322
509
643
308
667
137
623
829
522
656
475
889
265
668
246
435
888
361
828
380
335
779
445
837
925
193
607
551
989
796
249
641
73
334
889
879
345
115
944
634
880
951
295
218
436
813
765
132
836
452
333
81
879
389
864
301
1
114
548
811
282
98
392
487
828
987
240
183
643
875
857
122
424
170
604
839
548
108
706
102
248
968
833
852
131
497
347
345
467
877
175
495
206
735
444
347
709
861
819
850
606
401
584
870
147
0
592
688
27
189
30
61
489
67
504
333
295
567
835
8
649
560
373
191
712
508
771
240
522
406
866
533
649
166
107
114
775
975
574
473
144
701
781
861
330
287
657
994
470
602
348
201
143
891
153
786
118
641
31
912
541
719
545
987
761
915
430
767
975
8
522
996
3
35
491
77
549
546
44
73
63
825
876
357
486
706
181
199
55
902
904
506
777
539
884
995
505
611
580
191
151
129
62
559
288
804
720
692
126
79
287
168
528
943
482
514
156
226
44
915
521
537
354
836
181
924
88
641
549
967
607
159
387
953
682
826
783
627
580
141
722
564
391
115
217
671
467
907
367
519
189
715
824
279
580
173
652
580
762
839
135
440
848
370
501
266
582
963
581
612
408
5
996
734
19
372
56
946
678
496
276
769
985
473
373
606
123
459
83
61
159
268
343
708
134
720
251
915
298
495
884
609
99
53
550
229
21
637
15
714
722
849
512
538
188
306
892
745
225
297
785
566
398
970
93
722
850
36
135
916
811
716
728
953
832
520
194
11
106
231
436
670
495
258
175
242
478
687
735
402
945
490
330
879
43
219
882
920
401
813
857
872
967
218
991
256
13
509
209
217
373
450
496
726
386
947
306
938
658
119
35
299
836
769
708
163
258
656
39
217
953
474
532
502
527
422
594
554
607
115
82
303
843
476
949
69
335
806
154
533
924
676
299
109
530
532
904
964
921
950
271
280
428
374
806
640
915
311
358
951
596
572
774
105
189
732
386
580
42
657
441
316
390
460
602
47
99
109
319
673
239
67
793
258
568
802
3
27
673
374
884
977
251
570
918
103
215
734
241
203
494
250
622
896
297
667
863
280
222
292
622
799
607
544
987
310
605
238
390
463
739
458
669
968
73
940
152
364
377
30
518
47
436
6
565
317
336
735
101
724
278
6
153
496
544
210
277
813
796
569
231
918
497
177
464
948
382
233
323
334
50
736
327
24
901
805
613
951
264
987
648
571
730
640
465
766
18
459
665
421
686
608
738
420
930
241
444
216
987
409
685
307
473
789
353
738
680
924
371
276
817
987
939
965
532
983
845
196
332
250
517
743
578
631
59
438
941
861
302
294
250
619
26
223
805
372
856
593
853
106
328
422
61
390
452
61
927
18
520
817
970
45
779
662
62
316
348
226
84
608
100
445
31
679
281
139
856
554
460
422
520
966
977
365
782
888
831
503
651
929
926
444
808
931
967
14
751
536
433
484
783
558
472
212
474
340
652
694
833
375
841
598
277
370
12
461
91
469
232
409
993
296
235
69
378
758
702
180
17
565
615
227
166
877
158
827
748
547
15
173
62
503
301
976
539
795
605
654
288
214
919
180
529
899
562
271
602
948
181
492
255
403
666
116
700
768
472
795
305
176
457
976
62
372
930
628
208
705
865
57
327
712
520
431
800
180
226
271
57
684
909
26
676
188
300
134
33
997
300
373
362
240
62
615
736
714
444
639
482
968
640
580
552
641
978
525
693
782
20
612
977
778
553
875
192
252
704
702
207
625
637
768
626
477
65
988
113
91
137
106
575
117
188
567
434
714
804
45
59
275
944
744
189
542
33
347
795
124
534
295
916
282
312
464
150
27
966
307
147
99
880
816
462
147
772
949
364
207
353
114
302
633
201
500
503
854
904
27
237
998
391
299
981
894
202
429
687
755
204
962
179
162
112
358
407
718
858
508
652
697
349
807
113
289
471
766
323
419
288
191
291
470
344
422
407
950
817
642
809
133
430
926
941
472
647
13
961
892
121
934
204
322
822
211
147
342
637
603
975
447
154
917
492
128
407
542
63
708
504
769
843
626
763
818
84
314
869
72
901
720
707
502
115
520
644
899
672
561
790
658
642
505
43
973
658
429
595
861
1
49
393
284
405
360
264
577
653
8
738
575
89
126
439
604
865
291
259
922
387
434
227
956
961
195
599
403
632
558
597
223
869
831
511
615
873
867
469
786
816
439
318
572
351
497
876
539
593
672
219
609
77
592
720
168
693
417
303
473
546
836
313
325
27
531
930
670
640
136
380
673
662
522
720
803
64
882
49
663
562
259
647
980
284
593
506
756
991
634
687
190
760
41
377
240
173
132
825
900
130
828
210
788
935
268
948
548
158
527
933
239
691
480
770
123
571
457
241
884
660
609
911
843
714
625
629
895
715
976
212
708
49
528
114
321
504
190
54
40
528
347
705
384
84
530
389
20
260
342
107
37
164
667
446
405
815
964
854
858
656
642
415
244
867
21
716
316
162
162
668
57
620
450
16
592
707
699
884
728
964
865
438
818
92
167
604
129
549
633
305
549
923
68
392
408
334
495
378
197
823
826
310
325
432
81
993
737
916
779
733
516
579
573
564
203
216
298
799
749
634
608
710
503
95
228
147
580
700
64
875
765
589
383
759
55
929
212
432
748
984
657
992
138
497
683
762
555
435
547
755
747
72
325
471
633
880
655
521
152
294
572
981
408
155
340
950
0
153
481
401
996
844
782
554
97
663
338
41
819
775
698
565
85
157
623
258
705
902
655
461
0
411
732
412
893
407
28
603
865
381
190
113
432
553
107
154
377
514
884
827
582
710
836
102
477
674
271
153
861
179
154
752
481
631
720
625
365
880
812
804
102
172
105
785
392
824
946
98
974
39
795
542
549
840
871
403
380
959
499
975
95
120
321
223
965
88
376
219
89
972
356
215
176
377
126
570
530
287
643
799
630
723
277
83
11
627
15
755
735
373
939
483
312
51
149
603
38
410
739
592
176
267
153
337
505
337
880
628
939
437
578
506
41
601
465
495
166
247
250
870
231
771
151
909
469
162
462
666
302
247
510
287
381
741
731
509
47
213
393
1000
30
688
223
782
183
468
631
616
63
737
647
714
303
559
631
956
701
90
588
759
838
803
324
321
782
491
177
380
450
659
362
522
600
108
86
23
774
140
505
168
131
523
577
887
870
637
331
535
724
71
210
863
473
507
11
712
629
539
146
233
168
84
941
177
556
157
236
1
752
724
754
140
119
955
711
559
596
723
79
232
637
524
51
3
787
874
540
887
759
559
325
131
342
720
950
217
184
421
777
527
537
816
704
198
951
770
17
9
894
292
691
903
653
259
597
311
571
381
866
277
121
88
230
771
126
21
407
37
358
934
376
48
93
568
883
6
132
96
30
559
395
48
854
810
834
213
960
226
633
324
82
463
48
849
145
422
157
0
466
38
862
327
794
792
334
154
216
380
555
720
581
161
270
778
982
958
889
506
754
84
790
225
481
816
987
215
714
932
348
689
270
354
60
152
29
352
923
241
357
665
219
78
326
819
380
762
155
819
373
385
158
475
550
691
752
859
494
426
816
717
299
143
837
1
703
617
177
163
3
314
831
616
243
3
697
634
597
565
121
544
961
487
181
414
960
555
576
848
982
375
958
832
154
649
640
796
651
583
892
236
263
85
150
464
862
715
949
815
805
781
820
285
968
370
333
169
286
939
243
249
771
405
148
846
10
100
826
697
146
773
866
418
812
821
703
173
686
354
373
614
369
491
861
606
296
982
748
639
806
987
31
998
765
925
223
488
237
830
995
667
16
94
85
396
564
546
601
120
177
188
88
918
612
597
47
73
227
926
64
564
13
868
621
708
986
58
320
7
428
984
153
345
732
584
370
432
861
571
356
951
179
138
247
657
657
494
852
459
895
667
749
257
154
773
624
994
831
56
138
548
920
999
708
372
144
192
835
628
112
230
681
719
384
47
831
867
319
865
673
478
337
118
301
606
481
650
582
411
815
558
144
298
796
538
320
65
426
267
629
186
889
618
212
482
128
353
119
687
955
413
847
49
182
320
787
339
468
531
704
459
569
859
166
289
890
84
522
215
658
277
997
888
830
114
259
975
598
209
161
34
606
603
634
96
435
440
96
552
333
881
924
902
837
911
799
653
516
877
44
816
771
878
684
85
528
858
794
667
96
364
363
728
596
187
496
218
689
90
892
120
309
512
48
651
741
55
937
361
472
914
283
600
810
586
532
238
797
274
515
972
303
753
902
895
991
939
293
222
442
751
662
819
109
466
344
885
521
24
831
431
832
216
93
979
938
368
678
641
987
816
521
37
751
170
780
234
76
654
818
649
47
551
196
201
668
600
9
193
1
206
708
513
356
622
733
831
958
521
561
637
669
687
580
691
85
596
771
554
151
154
323
985
969
13
316
191
191
736
908
905
916
908
417
567
616
934
655
776
261
793
182
199
160
651
654
230
862
871
6
496
730
17
198
919
50
582
938
286
107
779
834
815
846
298
843
392
866
770
980
577
883
320
310
615
999
695
900
953
958
286
857
16
606
110
558
881
991
89
8
823
855
126
43
400
491
467
636
892
374
244
759
797
179
368
74
271
258
890
877
305
627
730
314
437
523
587
920
974
597
494
777
241
89
934
931
138
931
893
72
278
424
22
504
878
414
119
371
131
971
271
75
472
506
7
613
389
769
358
465
305
326
941
53
764
479
439
82
181
826
975
665
870
248
526
862
528
969
414
927
261
177
692
448
370
80
583
342
611
583
95
102
393
481
698
950
772
441
580
18
421
749
975
22
555
356
940
678
401
335
688
499
510
138
761
346
598
215
574
126
412
688
756
877
21
217
692
402
165
872
109
455
423
860
73
51
331
742
996
727
89
594
354
146
887
390
848
789
487
890
959
153
943
347
851
29
122
333
973
118
743
152
805
242
22
694
106
691
766
881
187
981
187
0
160
755
181
421
873
520
46
199
901
381
191
777
590
732
158
745
41
635
816
146
467
225
199
170
301
973
740
731
29
546
702
863
772
510
553
999
251
687
289
90
691
859
987
206
794
87
740
950
995
520
859
257
390
851
936
790
275
437
764
526
61
521
641
666
776
159
471
371
950
101
903
680
539
936
467
818
247
129
478
357
851
436
129
845
684
825
420
699
35
977
662
721
844
876
219
948
619
957
506
270
694
34
311
878
44
258
402
599
289
293
191
226
544
551
987
11
689
723
48
161
39
522
359
513
226
41
330
687
670
776
806
174
968
427
882
770
935
773
609
961
486
4
640
666
610
123
363
346
826
583
158
288
813
771
827
851
552
379
865
917
951
261
621
308
806
884
452
23
120
989
7
387
750
297
792
694
767
712
829
713
216
107
88
835
859
44
669
163
980
653
659
582
612
621
513
381
268
206
332
954
637
715
93
518
959
193
878
648
652
909
465
929
327
931
855
879
541
903
534
362
898
84
756
209
720
97
409
850
907
125
244
459
915
322
463
537
277
853
15
247
236
135
989
86
591
618
945
936
351
263
708
638
248
831
667
708
471
760
285
914
562
41
442
83
564
481
291
374
156
897
585
119
204
110
690
499
256
667
52
312
964
550
780
395
731
448
114
630
245
241
482
261
361
549
589
220
59
161
324
913
74
611
647
683
100
588
699
226
64
769
345
223
445
276
653
524
331
952
23
584
17
210
919
324
456
908
823
642
529
159
677
576
999
949
524
795
125
412
721
808
46
17
929
265
252
258
863
190
796
762
795
351
214
631
350
281
491
309
753
238
22
41
777
478
451
324
426
897
402
201
297
61
254
439
913
355
231
609
990
778
893
492
32
566
122
35
372
796
662
877
928
746
714
467
888
538
976
817
826
548
645
396
812
761
765
253
820
581
414
474
248
151
942
689
283
709
212
779
153
277
924
194
636
282
434
866
113
98
876
908
137
419
288
741
752
952
411
877
906
88
430
93
631
191
492
563
97
643
552
990
970
618
255
452
104
612
668
228
397
43
741
805
515
562
357
10
912
636
846
599
637
199
357
5
766
521
647
522
435
610
660
622
138
986
187
95
35
552
27
641
256
475
185
114
522
145
803
74
663
91
419
698
684
552
133
254
591
985
531
641
258
701
179
931
877
239
743
972
70
93
309
427
312
506
315
644
459
185
491
837
275
78
92
854
189
698
354
769
881
436
26
452
471
389
408
202
181
511
705
330
322
79
434
269
761
469
55
596
363
607
887
233
267
575
528
679
237
770
534
454
252
951
570
365
449
995
772
553
684
683
673
881
643
202
716
884
637
708
824
639
949
393
640
294
320
835
203
450
916
282
312
573
424
876
825
509
510
219
879
662
793
118
3
261
559
534
386
286
550
48
324
104
137
965
791
83
899
596
91
170
457
867
720
423
160
45
273
684
443
880
465
243
553
664
548
45
69
260
805
54
478
64
286
256
585
533
33
229
833
78
981
715
361
531
974
600
593
508
891
883
510
906
657
573
583
912
976
470
380
950
249
331
180
75
460
290
156
483
455
393
528
249
890
685
69
869
415
790
431
590
939
236
176
610
499
226
76
203
713
439
904
16
125
555
311
621
356
331
659
52
531
327
965
823
123
81
230
384
776
923
220
573
703
867
853
151
428
78
328
362
679
318
53
258
757
938
309
251
771
171
368
590
394
292
491
996
11
103
965
166
444
283
346
12
493
501
421
807
8
831
947
223
347
137
392
586
861
311
507
264
525
64
34
562
96
904
766
711
435
613
332
419
462
457
33
682
376
122
497
496
249
484
640
104
743
124
745
760
805
10
757
705
462
399
350
549
550
548
286
661
238
407
868
254
264
796
553
633
971
587
112
725
26
810
960
70
588
641
617
187
823
938
805
570
447
25
742
511
588
172
389
19
349
742
577
842
940
748
335
870
655
209
562
643
336
935
28
138
957
514
721
858
596
555
181
135
369
726
48
257
700
291
250
708
187
8
405
790
967
58
64
407
565
236
288
985
895
756
74
869
882
761
767
672
931
891
312
159
141
682
643
243
235
451
621
393
933
796
773
495
745
506
587
10
123
317
267
130
9
735
635
303
216
805
146
115
25
740
404
144
434
537
42
509
993
24
353
964
845
623
568
265
271
433
530
659
41
295
620
575
911
894
85
702
570
997
719
789
999
256
32
342
735
602
767
739
633
422
613
845
885
941
625
790
992
10
887
346
790
210
469
928
955
558
173
600
577
623
289
936
828
835
82
224
758
116
277
202
736
881
195
153
94
396
245
339
741
179
964
548
596
504
880
382
417
81
953
489
893
425
661
387
942
489
808
270
245
252
507
77
8
934
415
282
744
773
942
833
747
707
432
16
504
79
653
309
493
916
318
398
933
21
50
619
366
477
772
710
16
112
331
866
77
888
481
841
921
577
165
771
362
660
12
928
524
239
267
396
711
808
737
47
663
17
675
954
311
677
642
990
327
467
361
974
959
405
916
453
473
721
635
565
123
405
55
262
746
219
673
713
312
10
46
168
810
157
961
831
641
470
395
568
46
15
886
396
325
916
342
487
473
44
216
950
694
870
957
221
490
713
291
973
398
400
129
768
857
379
8
336
818
803
378
651
738
920
459
772
975
416
164
531
610
321
777
300
658
19
954
487
629
820
752
474
995
355
502
809
103
553
922
873
753
184
509
926
52
740
785
323
626
464
216
184
2
783
125
372
460
908
915
754
527
300
888
895
248
349
458
733
344
215
480
19
481
424
283
299
865
972
829
185
387
918
580
528
854
799
543
508
994
626
224
198
632
910
6
765
229
887
663
526
869
364
201
411
698
157
35
219
607
304
973
74
23
932
972
393
861
199
517
694
750
297
165
214
828
743
358
255
131
775
886
862
309
132
807
856
749
525
201
351
730
562
599
560
689
490
417
89
7
953
743
766
668
139
65
739
605
150
661
390
334
382
939
955
1000
380
963
747
108
26
530
578
179
828
765
384
194
81
311
942
300
14
384
674
20
136
356
926
689
886
108
571
80
374
738
972
356
366
71
592
169
193
872
323
455
790
532
874
476
553
359
491
770
479
815
750
58
370
309
411
557
631
569
788
264
248
306
830
22
19
740
281
717
592
652
967
78
595
372
208
654
784
367
26
468
372
350
440
363
686
768
579
510
736
912
200
437
533
974
454
461
728
254
816
925
883
399
896
328
325
758
944
976
954
189
113
207
914
304
568
702
497
417
560
337
746
215
27
71
793
910
255
362
543
903
313
624
492
219
984
508
991
106
282
77
67
578
4
85
520
672
279
969
42
517
231
117
874
969
396
500
948
387
390
703
452
177
273
564
680
790
849
472
534
39
747
518
639
62
231
490
481
916
896
241
331
958
955
424
791
191
283
710
423
256
497
279
371
513
42
92
734
893
860
305
298
916
33
509
537
545
71
36
339
709
55
193
466
147
838
647
307
316
781
874
738
939
700
320
145
819
818
270
39
149
599
908
87
771
894
861
663
763
756
686
981
193
310
950
317
393
736
933
957
247
359
763
180
962
395
668
290
207
972
489
749
491
929
676
637
642
726
96
485
502
56
835
812
719
793
495
319
309
721
924
145
95
606
328
130
424
936
391
514
264
932
592
578
953
663
289
84
714
569
335
239
443
698
228
109
577
282
469
736
820
144
342
270
973
958
653
739
532
685
849
193
517
299
546
543
674
422
190
291
702
521
146
517
50
683
100
347
795
881
697
597
485
307
612
866
138
230
735
983
800
17
892
163
228
731
976
221
837
986
107
993
1000
116
433
683
154
702
449
665
875
861
336
30
172
54
502
925
590
620
965
874
847
264
187
132
342
795
629
20
995
938
791
646
204
213
808
662
896
516
820
664
461
80
258
928
854
183
9
844
322
171
124
517
864
499
163
799
533
170
706
585
275
818
15
115
388
781
485
680
784
45
253
345
998
515
194
12
546
237
420
212
481
312
386
523
413
340
3
999
951
655
736
450
378
706
313
455
830
436
124
789
903
280
609
908
74
783
533
40
164
775
780
555
213
51
105
328
838
829
917
26
421
895
965
124
375
105
770
920
11
378
984
75
646
372
238
213
283
823
316
597
139
568
682
60
870
310
236
198
847
547
662
581
507
650
233
737
379
61
228
633
156
717
771
926
776
540
250
324
893
747
714
299
64
404
219
847
482
594
180
905
253
29
759
818
714
593
567
925
140
365
24
975
896
885
525
289
629
694
307
967
644
725
344
859
48
552
31
496
80
51
467
573
919
355
219
298
280
978
854
151
186
499
578
196
866
220
263
943
116
18
96
796
11
100
156
226
570
763
257
725
902
949
14
103
69
552
136
513
126
911
429
442
414
748
800
747
907
383
335
167
519
920
59
402
416
800
550
712
208
63
583
712
127
872
133
954
508
398
833
411
169
142
227
595
559
617
95
269
66
208
277
604
159
811
398
570
952
130
51
657
591
437
190
300
408
843
583
149
610
683
655
82
7
803
366
763
198
564
955
71
335
115
12
395
733
61
397
218
246
252
842
968
714
875
551
265
602
942
453
748
858
412
766
340
972
606
88
605
216
116
356
131
174
108
121
42
240
847
38
260
73
701
491
850
144
853
684
49
38
895
285
636
306
342
292
132
73
648
558
606
602
227
39
885
781
633
46
553
55
29
389
744
208
395
227
70
28
593
577
553
990
68
480
998
848
502
441
607
58
139
801
819
184
862
297
170
32
451
413
760
593
485
269
381
632
100
933
432
612
67
33
347
463
890
625
51
216
612
388
369
144
403
291
324
364
994
915
285
273
178
769
60
375
570
998
879
5
699
614
566
719
992
615
399
144
690
166
109
720
668
121
899
226
408
364
507
384
81
493
668
587
603
992
152
290
921
443
76
724
189
464
135
9
302
168
406
455
654
473
989
34
147
654
133
200
446
276
106
590
804
129
211
204
98
408
29
7
858
497
483
654
212
538
633
985
945
39
464
288
609
567
126
883
13
493
208
375
714
143
838
638
111
412
480
151
889
473
986
829
982
75
64
870
258
545
585
248
348
121
601
215
971
598
201
87
502
433
925
325
261
533
39
285
177
278
496
338
841
824
879
103
638
852
458
122
670
378
82
185
692
68
41
276
265
900
721
314
805
555
486
37
988
873
818
603
182
892
419
673
674
696
863
547
393
50
491
430
168
529
513
78
162
821
675
251
932
401
754
803
860
435
555
235
436
509
107
291
792
176
606
539
751
244
925
185
557
126
397
956
119
407
830
255
904
77
57
594
728
954
669
895
617
466
727
849
0
181
614
835
891
607
342
994
19
278
79
414
719
88
603
395
208
344
547
412
67
828
472
498
56
591
399
506
508
533
260
15
718
753
869
347
167
418
846
834
543
999
646
936
420
228
467
593
767
532
214
290
291
550
71
360
434
210
910
395
715
280
349
607
949
538
232
521
734
396
531
60
557
527
503
29
685
337
15
391
506
346
680
1000
487
542
735
258
966
98
995
892
898
906
381
646
959
711
306
90
716
555
948
617
827
846
94
608
77
753
733
578
455
24
886
490
523
596
744
533
926
460
218
165
467
629
143
682
602
838
577
689
515
463
371
921
817
120
634
364
383
47
506
674
554
991
541
754
10
526
839
939
913
160
500
755
314
427
888
946
375
668
507
995
751
445
479
122
50
115
956
887
336
871
154
616
860
793
920
420
576
433
633
966
904
921
268
243
345
567
265
136
893
549
181
525
259
380
145
51
959
573
134
283
480
838
426
338
275
369
860
689
62
177
995
576
990
650
774
318
945
807
386
896
350
542
190
902
892
640
644
8
560
301
74
291
575
382
531
986
87
580
231
809
590
173
400
409
909
646
836
977
984
724
501
339
856
568
686
585
772
618
976
766
514
559
977
226
863
960
552
907
164
675
999
187
231
324
579
841
981
334
304
113
76
387
583
316
366
676
915
80
715
997
276
37
333
732
871
240
70
253
294
393
550
558
896
487
70
827
605
453
643
588
594
139
852
891
8
354
424
97
625
792
546
482
143
9
379
860
822
59
198
766
234
738
611
260
218
530
941
366
69
771
977
614
684
98
157
880
83
187
9
457
662
639
105
803
576
340
187
637
456
517
467
20
774
646
355
999
827
655
892
712
172
319
912
803
850
610
586
492
45
551
897
32
903
437
447
444
34
362
349
150
170
753
844
36
986
824
641
585
880
97
515
863
839
302
761
464
403
600
477
891
593
593
765
229
522
49
111
181
379
412
99
140
984
276
778
384
400
920
443
280
836
141
826
104
396
392
153
505
746
367
655
524
297
727
411
106
524
443
912
812
667
769
54
475
420
907
995
391
686
789
115
473
715
171
644
480
101
207
425
18
52
45
955
130
718
514
747
380
211
686
146
154
622
915
680
941
301
302
910
409
237
23
126
205
102
413
745
322
938
628
437
752
324
818
694
675
553
518
797
686
656
630
330
52
427
808
291
981
808
490
479
814
584
891
323
647
616
399
650
249
496
421
224
312
859
496
407
942
429
506
439
254
553
22
993
373
403
609
113
899
358
277
877
267
718
131
876
151
437
33
893
640
356
881
672
494
256
206
172
206
437
455
457
503
572
921
141
741
597
425
956
447
730
841
23
189
559
223
392
197
311
794
489
364
500
982
779
216
678
911
756
34
67
549
693
503
2
694
800
331
926
96
8
506
204
458
588
289
168
318
269
655
283
732
672
376
576
638
926
52
585
146
462
278
269
705
426
453
172
342
472
80
297
936
577
815
687
455
455
769
595
308
79
50
430
740
954
122
959
30
607
968
0
84
816
17
868
992
257
942
175
176
881
946
22
932
80
829
55
261
53
646
22
23
983
94
923
75
325
542
894
17
903
112
983
411
561
416
676
270
901
741
465
81
23
644
811
548
318
863
76
407
234
433
99
505
779
828
702
781
999
922
615
399
802
233
417
711
244
600
907
550
453
750
262
576
119
708
631
982
675
889
492
472
655
402
608
527
122
7
800
262
726
249
497
977
142
996
225
878
840
779
708
314
652
259
617
959
660
636
789
843
443
3
135
665
190
906
793
807
514
987
754
34
947
325
843
228
144
987
154
380
594
390
155
44
293
479
613
897
828
7
585
744
503
488
669
508
197
259
92
533
100
36
460
654
380
714
151
634
347
918
988
791
503
158
258
636
610
744
899
368
346
895
719
501
113
15
790
360
782
333
819
836
410
85
582
782
224
998
855
85
464
893
68
256
312
832
219
455
629
45
684
982
155
129
351
876
648
648
962
891
796
18
539
585
289
718
612
918
427
48
313
211
58
670
44
28
451
447
379
340
812
294
213
128
946
359
781
364
859
575
746
667
839
702
690
587
228
113
812
668
418
498
291
848
543
927
385
666
424
799
804
866
944
528
296
834
886
197
500
141
86
434
526
300
993
851
643
123
99
430
272
416
373
1000
10
564
978
467
334
835
420
438
226
754
188
439
568
164
159
602
198
115
577
726
931
980
821
160
758
682
359
895
911
710
218
228
363
346
3
488
961
301
378
471
780
729
825
845
699
560
432
497
497
405
164
339
943
996
166
350
736
221
373
446
150
347
358
149
170
177
645
366
633
616
512
24
58
984
511
13
394
766
851
93
152
332
61
615
846
741
822
428
534
378
827
887
771
289
683
749
182
987
568
345
283
223
727
721
589
656
19
544
450
900
577
889
647
694
330
224
425
656
594
689
982
791
316
938
56
543
358
773
349
906
27
319
614
617
465
734
562
90
240
14
698
121
251
404
130
225
945
287
357
549
36
655
634
772
759
445
120
952
768
989
756
807
124
104
684
126
125
259
101
100
645
72
268
960
1000
657
682
137
195
787
291
67
184
668
711
639
242
912
640
200
777
188
210
236
401
644
319
186
647
988
995
710
882
811
118
520
694
476
47
109
20
153
233
640
557
827
835
383
177
496
589
78
264
716
927
478
926
534
649
70
657
428
758
410
918
715
505
745
218
190
170
499
207
151
224
119
951
987
354
206
621
11
241
417
857
407
311
758
469
29
892
627
59
314
41
374
367
397
454
151
674
145
658
930
187
257
604
614
847
560
753
308
211
396
170
420
395
122
439
36
594
771
37
13
976
938
429
773
691
654
350
96
912
245
314
172
977
546
541
861
270
713
976
566
500
510
511
126
735
276
314
957
35
59
903
21
805
607
963
984
997
141
345
40
261
618
610
264
974
11
236
175
731
372
369
66
620
603
227
153
215
508
137
155
116
317
338
752
899
395
86
64
712
702
156
19
597
210
948
655
953
302
455
445
687
15
6
630
350
314
789
690
920
276
776
687
538
156
494
144
621
658
177
807
438
40
62
641
951
730
659
59
541
458
526
926
407
881
95
19
57
940
756
28
681
534
28
870
116
310
879
979
82
511
806
474
832
779
377
619
689
372
273
341
479
911
548
921
845
962
777
205
750
696
989
39
549
785
624
435
783
169
974
874
140
625
209
272
726
195
507
241
340
156
719
630
154
10
446
835
232
71
650
158
20
395
382
694
586
763
222
116
847
516
148
285
608
894
822
349
535
696
364
636
235
854
123
995
536
970
240
177
754
250
717
998
639
298
657
273
601
754
151
56
471
522
749
718
571
769
479
118
792
604
952
502
396
1000
544
449
977
447
924
768
402
92
440
108
164
529
837
163
885
330
933
667
930
543
741
570
130
723
476
407
672
636
572
912
385
677
702
744
204
704
112
264
325
950
155
286
595
394
238
324
478
825
19
772
879
798
861
554
809
516
510
776
671
898
298
243
983
199
518
834
800
180
192
429
745
931
186
860
984
63
482
84
901
326
533
194
353
158
409
688
202
136
740
730
726
149
824
980
450
964
578
351
195
711
113
334
570
964
260
776
559
890
278
553
422
213
788
700
237
419
984
362
592
390
459
511
296
544
82
651
799
594
661
462
995
518
387
421
722
468
32
38
135
89
843
473
322
886
30
999
267
763
481
804
8
578
954
35
548
152
101
153
315
1
216
212
121
216
826
173
132
889
93
273
639
795
220
895
837
32
646
799
824
235
893
550
759
552
113
224
702
173
943
488
975
387
622
178
617
607
272
711
425
691
226
636
112
798
753
975
209
836
742
487
134
331
711
242
102
392
87
672
888
725
229
701
764
178
453
87
165
82
667
198
25
630
618
693
245
14
611
444
699
764
358
185
73
670
261
361
576
262
629
448
555
785
150
206
947
887
420
665
566
491
982
166
315
483
649
276
573
545
736
871
516
575
201
961
102
527
162
697
668
553
483
91
330
517
191
729
739
251
224
844
202
537
750
194
422
785
632
369
485
87
895
665
148
519
380
348
58
306
866
673
881
209
795
83
156
477
873
96
841
563
439
764
104
582
278
226
220
94
547
953
11
524
890
544
565
400
727
92
898
327
854
493
728
668
376
376
624
610
543
977
493
607
629
772
681
909
229
49
69
257
568
215
299
125
617
859
956
779
742
141
216
567
909
730
941
655
501
396
171
250
115
346
890
987
964
157
661
925
297
22
337
143
536
288
82
823
475
7
783
240
325
653
670
394
112
795
998
919
106
774
620
655
270
551
706
268
605
473
683
692
214
815
612
644
753
38
1
933
692
755
730
656
368
520
85
301
638
675
859
494
801
818
902
469
783
247
161
364
113
687
500
930
538
994
758
145
393
275
282
165
589
175
491
657
369
578
143
968
429
193
764
176
382
838
802
731
459
192
425
888
985
237
450
481
126
907
592
850
620
279
797
149
460
183
243
632
553
870
635
933
991
752
637
782
585
86
749
132
408
722
151
267
908
35
517
376
134
270
207
454
735
538
266
376
491
797
645
50
73
907
204
184
394
116
682
151
807
285
21
756
565
6
535
692
237
196
799
505
281
846
388
943
233
10
527
785
837
343
103
83
487
411
139
44
7
102
112
412
642
630
278
604
897
325
459
902
260
781
508
942
850
292
986
321
543
334
794
177
279
519
302
717
547
43
843
547
499
625
98
186
617
729
26
543
673
999
82
865
930
848
973
622
157
49
542
621
287
880
133
9
632
65
348
962
200
734
301
324
363
707
553
647
393
453
892
619
253
981
48
103
659
133
369
403
83
926
80
894
227
758
993
130
478
358
154
585
797
557
679
191
600
678
404
256
623
619
404
9
504
273
483
897
529
584
787
797
808
303
168
952
583
223
194
569
760
79
586
644
883
590
191
91
568
973
797
440
361
985
153
543
382
980
520
812
21
143
631
439
70
405
57
893
506
65
885
220
451
224
523
953
668
586
967
622
658
335
152
440
327
42
636
970
880
307
782
176
341
434
219
624
179
761
809
104
80
217
385
898
296
686
324
612
563
567
982
34
560
879
110
523
437
492
466
637
818
509
104
602
98
285
453
564
209
802
641
202
789
882
864
274
663
134
98
483
639
700
327
238
528
290
792
712
804
978
104
341
784
471
866
725
96
998
616
597
591
471
844
147
314
671
77
475
421
348
701
978
432
153
477
1
380
567
596
319
675
877
129
739
197
124
398
205
542
608
102
717
263
349
660
336
795
199
424
749
5
205
203
738
348
303
15
14
967
339
610
680
24
245
763
937
39
504
45
196
99
831
425
309
991
323
814
514
510
23
683
737
680
162
957
957
520
203
115
150
438
282
727
621
229
405
812
375
324
484
634
667
369
587
475
679
102
384
308
650
668
641
220
735
475
247
529
116
8
170
387
616
35
440
793
788
859
825
727
675
365
779
472
81
82
269
258
991
961
365
364
271
203
553
44
693
251
328
233
191
280
201
968
66
773
167
400
585
889
978
812
117
569
409
144
190
701
271
631
596
491
406
681
659
922
201
13
689
433
112
397
180
731
499
696
282
490
655
891
910
485
538
481
370
848
768
190
33
349
871
828
235
184
752
240
118
89
232
102
719
212
411
299
634
479
3
469
700
60
201
87
210
279
391
797
758
204
557
160
878
84
873
200
777
562
221
238
980
905
502
930
436
875
610
233
860
520
64
828
147
922
676
826
225
36
628
140
467
942
581
352
73
631
499
214
271
979
267
618
594
232
602
699
883
475
139
501
661
307
566
162
372
74
526
158
184
719
281
802
869
662
483
281
669
642
704
715
633
81
593
71
600
131
536
993
964
162
593
625
921
223
801
508
982
819
564
150
607
220
651
924
988
1000
219
739
325
232
917
397
960
822
64
508
396
328
840
776
296
853
344
874
17
56
272
750
505
489
916
348
34
364
446
24
977
683
111
737
137
655
241
70
945
181
594
113
667
481
929
595
832
291
871
263
823
318
482
622
391
512
278
47
766
376
587
947
377
475
55
30
811
356
253
455
262
501
194
290
592
177
753
909
234
523
225
291
22
655
345
770
949
346
454
25
653
473
255
970
918
435
260
861
752
244
267
326
387
627
456
721
166
201
671
494
28
890
562
204
331
177
777
423
407
17
614
807
43
742
785
694
451
190
300
743
918
364
537
103
775
231
809
772
616
740
782
40
867
298
347
996
952
395
637
191
388
318
444
927
833
466
506
834
956
190
325
148
820
693
524
851
740
286
518
89
718
173
388
819
849
952
681
140
377
280
990
534
903
400
264
877
415
126
696
751
860
129
324
557
933
931
897
953
990
328
693
802
271
550
735
12
202
355
706
126
387
469
371
289
881
181
969
156
468
132
99
918
454
586
861
934
547
652
795
437
415
926
13
47
835
379
70
858
544
575
139
659
521
0
525
677
380
413
290
280
959
31
405
130
684
379
867
990
713
890
830
449
768
476
264
186
255
835
53
502
883
242
600
189
74
639
401
766
642
610
66
980
348
362
302
357
148
422
320
448
769
874
555
247
455
677
277
586
137
228
79
471
411
285
954
183
162
816
687
4
240
384
915
733
649
797
893
419
840
395
300
721
546
706
997
205
807
522
780
570
373
126
280
614
447
402
495
323
127
362
479
692
463
644
86
500
369
208
279
984
403
73
728
24
427
744
119
811
273
570
545
2
876
704
936
685
701
915
769
38
599
836
879
505
723
67
670
255
830
395
242
100
141
263
98
531
555
215
893
669
967
413
185
700
321
123
591
291
536
647
220
771
760
932
193
975
559
692
802
189
586
827
298
934
217
338
273
423
359
545
698
761
649
208
152
22
669
687
1000
890
974
988
337
178
22
539
405
536
963
56
248
34
475
165
906
26
242
704
898
837
26
354
650
185
740
939
737
751
904
889
324
846
423
889
241
669
351
744
766
949
251
795
89
947
628
741
259
773
955
592
246
449
32
664
339
891
521
623
333
474
767
158
997
845
687
867
571
397
467
299
936
614
463
840
241
623
664
815
497
945
485
802
908
419
347
957
294
468
458
577
116
469
553
119
390
484
750
205
124
261
116
623
315
787
491
892
194
978
286
107
961
432
615
635
571
862
492
117
519
97
406
946
159
819
52
531
818
943
195
18
483
648
597
594
509
362
625
745
811
203
634
212
202
707
522
749
501
429
10
225
221
864
613
643
846
29
339
614
596
782
791
245
596
687
434
494
328
559
69
492
259
180
456
714
772
417
299
103
801
995
206
291
552
175
715
677
130
884
512
785
719
941
693
598
723
255
972
534
794
769
687
261
549
65
730
66
635
795
167
160
415
912
669
257
397
84
535
823
340
913
694
332
385
947
451
350
224
715
783
386
395
439
202
272
528
762
192
716
491
925
3
5
125
814
12
468
117
758
756
950
582
129
28
536
795
968
268
337
39
909
257
125
565
191
786
247
884
393
396
981
246
61
339
491
23
283
343
728
12
476
717
697
122
294
685
76
563
290
740
432
472
957
12
490
737
496
208
270
878
356
124
638
16
254
360
773
571
182
586
770
325
638
676
530
748
650
854
563
303
312
379
599
610
931
485
948
21
411
689
191
611
3
976
662
121
725
114
829
801
590
423
998
35
17
755
214
610
450
748
540
307
284
828
304
907
918
868
100
737
904
42
160
553
699
308
163
618
810
837
411
588
67
294
478
592
713
520
550
701
904
870
215
868
835
381
376
920
748
113
746
938
787
2
421
219
287
974
715
240
430
147
627
116
718
664
740
388
523
875
428
851
495
949
524
690
239
725
144
254
737
197
878
353
730
492
985
697
894
374
553
194
890
63
88
204
331
547
979
759
777
699
775
938
456
798
271
480
826
201
298
882
947
646
892
717
307
25
426
974
592
202
848
422
868
252
973
712
977
719
319
40
973
939
815
735
236
458
724
622
98
71
765
83
656
745
645
704
414
776
150
818
206
377
963
543
161
38
547
607
676
711
554
774
198
992
337
797
31
787
79
500
411
459
94
510
953
539
129
929
857
98
64
98
307
372
664
648
682
609
850
428
253
344
407
916
447
910
428
46
788
606
468
176
703
406
342
857
79
360
799
10
761
212
699
528
477
947
443
300
189
864
218
86
227
462
326
950
299
340
739
246
459
822
419
450
350
347
392
452
88
562
38
978
161
254
560
655
250
355
400
2
827
33
817
534
860
930
367
511
187
381
216
204
691
829
924
795
259
370
425
406
248
788
899
127
207
754
39
337
706
138
623
997
112
536
108
831
424
636
312
497
450
258
111
624
933
50
640
424
771
691
923
724
310
909
626
167
370
629
770
69
607
863
131
201
418
177
857
873
944
495
873
221
11
848
497
256
590
928
420
19
78
974
191
193
301
877
134
276
560
455
477
123
261
848
819
534
494
421
386
131
658
439
162
731
442
422
220
426
812
194
254
944
960
478
576
972
940
609
1
637
475
197
920
670
929
971
831
593
941
119
56
182
289
164
757
280
897
904
218
92
498
338
388
26
103
386
718
787
216
105
270
842
254
4
420
395
615
600
922
445
737
517
791
175
365
443
896
596
439
611
463
992
292
136
408
103
45
268
84
210
137
859
644
956
94
623
600
884
871
656
837
364
244
778
606
835
574
488
751
611
188
513
226
497
322
390
892
154
175
617
181
649
660
854
762
780
97
986
910
29
666
554
721
363
406
190
21
253
410
589
896
936
439
236
76
289
465
393
819
161
788
784
75
87
756
159
927
793
219
411
302
301
250
261
386
129
813
966
122
569
318
325
895
446
336
799
676
888
76
991
628
48
501
307
866
347
611
336
639
945
527
350
355
271
620
502
105
87
167
438
554
288
21
242
447
431
135
608
456
654
263
317
631
475
576
115
12
618
957
970
62
923
470
433
883
352
988
24
819
339
762
600
794
228
198
698
185
180
949
726
413
786
405
735
394
45
391
261
478
873
473
932
826
824
611
153
60
263
846
336
130
252
57
96
822
837
800
814
670
927
528
607
370
321
308
159
357
569
171
720
54
450
590
587
692
13
365
190
567
831
901
761
843
342
576
230
975
79
734
994
926
842
476
889
388
873
318
794
153
324
53
590
566
529
221
854
619
535
524
348
171
985
609
585
687
390
744
694
94
556
446
405
848
838
41
807
419
892
531
68
349
535
229
422
666
598
819
410
26
370
261
85
946
962
909
444
326
856
840
569
116
702
603
499
319
294
528
781
917
669
992
232
704
425
800
96
306
779
261
217
206
771
335
253
258
842
750
671
826
402
524
329
9
531
86
221
364
272
678
90
900
334
24
764
117
896
244
680
739
974
230
0
441
662
413
356
510
541
564
682
712
697
303
370
572
364
323
71
200
300
819
731
948
592
171
222
478
55
101
157
512
453
98
502
883
179
482
556
198
79
268
121
440
820
332
738
105
155
689
571
239
647
863
765
943
250
986
395
809
747
344
848
4
328
513
22
413
927
176
138
117
525
788
921
869
849
82
610
532
171
574
999
33
255
163
233
799
428
502
94
803
758
534
47
361
16
342
86
310
718
506
576
564
311
268
564
317
808
938
815
282
250
851
923
858
805
126
243
786
345
771
949
141
344
816
384
559
42
727
773
52
571
69
466
726
712
131
31
505
659
129
573
347
600
138
668
390
184
805
618
418
63
526
284
376
708
776
672
401
34
28
184
46
977
108
531
763
310
751
321
613
104
272
762
548
473
538
849
503
958
364
304
827
484
311
40
258
48
52
113
193
928
826
181
367
897
449
680
194
794
779
460
960
315
827
177
473
756
165
101
471
690
824
642
386
816
887
857
733
243
668
304
73
235
503
911
754
971
94
210
571
689
85
758
852
404
371
476
805
644
615
555
294
153
107
625
564
371
965
188
674
379
284
493
741
837
133
279
937
574
835
813
11
96
285
549
469
429
392
235
259
908
702
156
110
798
198
637
125
570
331
984
96
11
417
586
927
185
801
745
253
289
637
831
928
957
743
192
717
446
432
690
853
422
782
612
516
339
252
984
397
874
928
745
738
433
430
879
459
312
73
260
503
641
582
0
34
314
568
539
373
719
942
195
162
899
162
385
776
904
10
830
479
112
769
731
3
349
334
56
403
84
531
65
944
155
71
447
608
256
356
256
204
924
960
769
65
361
166
226
818
356
329
792
826
959
292
490
963
466
987
462
713
474
971
157
707
769
680
482
223
241
446
506
645
738
695
77
3
202
330
911
770
769
708
80
398
126
477
799
149
432
627
91
315
27
466
822
382
421
569
12
20
567
662
740
264
575
415
446
980
386
470
970
689
152
498
829
984
965
254
514
229
103
344
333
231
130
779
634
494
995
14
394
701
102
574
162
358
998
767
591
767
720
619
489
562
522
165
352
934
867
98
988
598
805
872
229
310
478
213
658
496
840
937
846
471
30
765
537
153
566
304
618
497
316
556
312
42
305
290
35
899
860
908
595
49
70
527
950
171
134
556
251
241
989
841
504
426
429
769
380
14
50
906
22
540
396
811
39
984
664
833
241
299
16
647
999
45
907
275
111
731
2
546
790
577
736
612
899
634
156
664
704
29
428
825
487
624
546
391
561
899
231
867
192
176
511
711
353
774
523
663
666
735
295
729
674
955
53
514
949
256
177
216
338
689
144
433
553
777
132
320
52
237
851
53
504
813
94
767
368
557
810
148
748
490
65
603
63
553
859
663
227
18
558
466
871
680
61
746
949
794
894
838
184
378
304
227
445
581
622
229
774
915
923
774
411
812
467
148
934
215
331
288
965
681
675
938
911
354
833
363
997
299
139
931
181
894
582
543
206
421
520
998
796
563
428
699
573
135
232
624
491
717
64
264
782
300
744
169
828
260
999
264
471
746
19
597
758
762
675
800
102
776
57
452
476
618
158
724
539
399
193
240
490
765
388
786
690
28
84
649
542
614
97
546
271
356
788
55
918
418
251
647
105
443
77
721
349
127
832
503
66
373
231
485
919
995
574
220
884
49
856
880
734
560
876
151
951
650
7
533
218
702
451
112
312
995
525
679
239
601
959
66
772
860
857
327
109
978
630
258
892
317
997
373
104
175
285
936
190
506
818
742
180
645
356
76
268
563
920
212
727
947
463
768
664
487
894
957
830
946
506
233
219
143
874
596
115
468
488
602
855
41
988
611
405
950
49
62
381
372
623
898
417
8
476
397
671
186
738
836
456
331
359
329
706
610
105
293
44
643
850
177
936
467
599
875
725
512
556
179
451
625
833
852
201
821
600
68
110
920
154
913
334
230
819
109
374
890
941
425
132
39
473
123
814
292
42
694
522
894
579
179
458
408
587
674
260
353
173
6
958
744
218
617
357
936
983
251
372
661
205
964
704
725
138
491
792
326
608
767
940
117
84
403
249
580
233
446
1
710
948
83
576
483
108
860
915
407
629
285
33
696
300
365
310
430
98
177
562
940
97
748
406
78
719
361
587
766
488
733
387
986
675
20
722
791
578
832
211
269
537
117
289
63
992
568
57
289
604
461
206
803
951
567
846
398
600
358
626
214
642
109
666
413
314
919
805
89
219
673
682
137
425
301
519
868
359
522
808
161
792
267
463
150
443
371
733
362
49
136
177
944
825
636
314
419
503
463
156
425
199
803
315
971
958
709
963
41
790
659
448
43
593
102
728
985
631
322
567
188
600
758
177
271
741
118
628
628
877
251
232
817
53
858
119
716
797
860
517
815
833
895
152
391
823
592
517
666
736
796
605
26
517
932
10
812
934
846
659
798
752
727
616
643
627
486
863
988
282
384
263
452
291
157
852
327
559
1
273
324
757
182
125
955
479
949
659
273
787
117
219
151
442
922
604
579
340
553
337
332
493
766
613
312
864
589
766
907
90
185
88
919
62
354
962
722
433
747
26
399
785
719
672
841
678
304
559
335
715
938
622
961
182
131
958
786
559
614
609
378
115
905
922
175
66
931
173
267
0
378
404
965
461
649
875
947
451
137
825
185
379
266
553
280
841
458
757
298
225
606
647
128
863
980
912
916
80
278
640
201
10
9
740
574
979
186
973
956
906
589
74
968
6
115
520
365
430
102
919
368
285
951
167
270
712
400
590
728
932
245
468
327
293
657
373
131
549
91
132
812
448
946
168
81
902
605
408
221
590
5
741
549
265
47
483
316
40
745
616
559
80
429
581
116
827
984
827
102
484
606
811
863
163
605
90
432
149
74
120
313
961
19
914
691
266
984
399
976
434
235
829
596
562
909
396
970
119
234
957
988
939
457
956
179
873
818
276
547
471
607
854
980
595
317
781
739
758
652
537
889
419
414
935
119
250
510
620
484
828
566
67
116
904
910
805
971
338
477
492
459
159
771
823
281
812
506
814
875
726
634
12
363
997
997
819
707
594
70
981
659
610
720
589
851
680
920
146
377
797
329
688
293
817
881
267
951
343
726
933
642
316
51
966
371
637
286
233
501
146
648
964
690
328
551
873
381
204
454
735
262
425
231
942
677
417
999
186
645
390
816
653
616
458
718
87
877
751
698
110
941
768
779
609
702
790
561
394
669
191
226
875
100
134
423
779
599
506
934
130
693
157
671
147
198
449
719
562
184
223
28
510
237
426
279
184
752
538
101
286
29
990
435
425
354
45
258
58
815
204
712
142
881
262
568
772
299
158
891
863
119
410
925
148
223
925
447
38
564
791
371
601
23
993
22
738
151
956
941
87
910
1
639
555
132
55
427
8
920
298
20
219
114
79
676
131
969
645
798
485
321
506
216
986
563
963
681
922
22
928
52
300
500
168
499
457
98
834
18
468
622
152
705
416
63
796
160
219
905
69
593
656
79
109
596
538
334
502
584
905
959
438
559
520
34
871
32
757
564
362
226
942
6
108
960
730
790
739
897
830
229
991
638
440
150
973
322
748
113
255
918
577
618
697
271
227
729
322
519
589
40
142
788
348
706
867
345
724
313
888
521
504
706
572
160
749
451
406
583
965
447
238
821
177
853
389
118
86
891
575
459
113
176
91
345
528
973
493
639
987
527
100
254
971
659
755
665
253
890
723
684
722
711
306
973
642
918
874
407
828
863
50
361
306
817
860
865
181
38
629
630
127
312
505
226
81
448
644
403
440
511
177
309
946
312
886
743
255
529
249
827
427
551
212
955
106
736
305
219
457
490
225
60
515
217
432
151
817
527
124
845
762
557
230
464
216
223
982
41
0
538
554
383
926
897
632
715
536
906
22
135
101
950
867
213
337
193
894
391
605
115
921
1000
486
198
817
591
239
981
964
997
942
522
562
731
80
932
981
865
848
698
18
922
47
600
182
326
742
384
900
153
470
0
125
303
906
539
812
455
641
152
250
218
637
725
993
164
979
458
714
639
577
681
301
325
349
663
906
648
961
399
874
499
623
531
877
732
806
612
825
672
174
401
625
593
935
793
769
567
423
106
447
224
553
89
821
151
987
712
609
174
190
714
770
396
663
353
946
479
523
117
410
27
777
159
449
962
436
360
551
935
77
277
576
86
358
355
999
584
325
565
175
119
709
269
425
401
847
148
149
15
890
952
593
631
245
156
921
441
36
671
942
381
259
993
338
908
600
839
198
185
123
130
383
973
757
464
943
446
290
956
141
499
553
678
605
237
34
480
813
366
649
692
485
926
679
247
72
382
910
569
521
636
531
351
264
444
923
306
367
582
296
584
683
631
391
789
886
183
782
193
2
819
947
57
992
646
965
398
222
422
205
503
6
727
617
264
13
723
496
791
951
971
557
875
370
329
833
974
343
718
723
247
942
362
892
333
420
793
873
833
11
951
427
798
170
367
104
144
603
12
314
584
416
891
419
763
378
995
66
324
832
674
276
831
656
840
468
281
728
938
77
504
562
375
746
9
466
580
315
154
377
527
773
748
694
267
356
483
717
304
568
656
938
264
989
492
540
308
417
328
81
295
116
661
776
114
677
889
352
768
283
168
988
171
756
810
922
77
763
302
710
152
305
657
458
817
325
17
298
310
34
304
855
934
975
120
189
805
702
385
696
447
641
210
719
123
908
225
441
741
423
316
311
918
329
742
865
37
877
81
474
398
107
762
360
561
500
728
381
830
853
584
104
723
468
280
639
311
426
853
334
994
512
656
785
991
392
725
630
957
155
333
451
875
713
659
915
474
195
161
301
319
922
558
654
605
443
471
181
880
531
11
621
690
122
12
236
505
323
882
171
38
798
516
449
727
949
147
247
612
217
660
474
153
988
256
363
221
163
440
355
250
199
686
267
856
478
646
608
819
186
626
375
807
362
199
531
15
938
43
86
767
380
968
996
426
151
85
723
19
881
612
273
798
698
527
237
311
453
108
417
297
121
830
70
692
796
458
330
754
825
363
102
842
622
187
69
776
274
385
165
885
239
771
93
908
785
383
172
782
314
256
20
789
974
297
823
713
173
461
323
172
777
786
440
123
67
189
470
263
238
895
860
496
537
674
342
715
37
30
188
110
515
506
879
891
930
234
875
529
18
144
822
43
985
659
183
9
171
938
815
755
480
79
917
703
729
231
650
100
260
917
870
254
100
574
26
947
142
308
470
388
450
803
981
356
663
53
889
751
369
902
556
337
928
277
183
207
629
328
427
899
341
944
8
20
570
476
74
518
584
115
795
181
774
972
526
320
48
914
849
240
957
906
725
576
799
817
184
561
238
944
719
485
867
155
604
124
753
790
734
443
715
390
241
915
154
541
289
948
401
173
769
489
354
283
453
522
67
161
916
960
947
88
877
452
769
789
862
605
457
658
293
512
24
858
145
444
208
440
675
411
266
640
355
825
169
455
448
502
262
972
110
713
536
868
625
141
946
543
194
877
86
254
881
58
549
113
105
269
146
891
665
221
953
579
256
752
133
616
256
324
404
840
912
718
443
156
729
377
846
987
15
1
701
585
195
368
88
480
136
477
631
948
607
44
522
189
327
624
900
315
999
17
801
22
997
515
759
126
797
727
943
682
622
626
16
688
574
474
196
679
986
798
654
167
895
824
592
599
895
910
510
874
164
619
785
238
922
760
437
779
66
511
731
326
106
39
404
162
865
421
716
631
81
547
188
731
291
516
801
338
493
927
870
643
288
180
710
343
248
958
144
679
825
794
465
547
972
856
359
175
553
471
779
922
114
950
273
320
131
295
546
398
125
375
596
72
8
176
955
652
270
523
145
424
930
121
952
433
930
858
299
661
696
636
9
65
191
815
661
185
592
818
986
437
741
596
169
905
804
417
919
146
433
190
358
647
873
525
489
740
694
152
295
909
190
200
319
41
888
333
231
402
423
751
89
307
756
253
195
656
253
871
762
741
445
340
358
338
193
46
930
625
387
755
16
982
508
876
644
698
515
810
253
79
215
512
327
263
798
654
728
462
720
48
195
808
958
202
375
992
267
210
355
970
137
265
109
503
959
442
205
610
65
664
123
891
395
998
186
757
962
222
949
700
464
945
688
593
564
386
28
194
840
553
664
793
747
928
554
397
959
371
456
17
529
430
951
543
762
324
444
433
553
494
163
575
53
296
998
803
859
351
595
833
701
298
511
839
754
309
249
413
231
142
194
92
44
22
442
838
626
149
637
75
817
859
865
855
369
800
109
340
113
200
740
563
9
743
842
725
171
883
749
810
606
456
917
938
281
204
960
78
200
818
588
192
735
876
934
606
923
689
92
508
807
153
521
132
499
341
829
57
157
238
263
462
748
553
673
323
586
120
519
928
740
483
142
430
496
634
114
460
535
680
242
807
418
750
915
324
213
89
726
578
666
815
863
490
635
362
66
213
248
294
793
81
132
984
641
158
230
924
600
816
870
444
409
401
840
703
289
747
827
996
16
227
63
433
68
368
613
354
929
240
556
570
845
6
49
908
239
150
807
859
708
165
161
458
199
653
229
576
403
782
326
490
473
875
659
761
526
341
603
687
642
494
477
965
128
791
528
119
589
373
34
929
148
35
279
887
509
855
894
782
404
902
273
76
154
322
26
113
744
483
833
326
349
941
981
819
753
24
445
436
628
932
928
741
285
46
608
907
727
437
402
380
361
611
595
416
877
35
418
388
944
635
903
661
950
534
445
378
745
601
988
951
316
656
504
16
139
792
165
176
793
819
740
748
735
717
532
506
481
680
292
128
207
997
984
621
426
628
990
477
998
768
711
711
638
308
929
857
385
18
809
634
672
821
157
438
640
588
896
237
830
585
580
995
273
273
354
619
460
246
200
63
54
543
480
305
72
315
632
947
560
447
440
166
821
196
51
853
316
154
134
837
74
275
681
493
6
261
599
549
814
607
345
729
647
980
264
275
176
506
988
884
384
156
595
411
515
363
349
717
926
384
3
689
860
678
941
249
721
792
881
55
745
121
689
182
365
221
608
645
475
436
573
111
235
730
854
280
257
200
128
455
19
70
568
251
911
445
172
529
325
996
257
261
532
872
442
450
456
448
892
244
309
60
912
927
86
374
166
377
369
989
465
21
539
42
264
139
389
367
400
451
180
830
38
304
743
339
19
1000
824
400
338
61
778
531
524
268
359
534
319
578
665
941
378
808
81
956
365
39
66
428
851
983
978
21
697
538
705
464
43
353
758
385
9
893
1
932
877
929
868
483
883
774
981
729
357
791
165
235
454
325
945
544
226
2
121
391
750
331
294
121
608
678
209
478
274
751
861
746
640
811
550
324
586
278
442
425
101
798
905
136
218
650
46
297
433
972
879
58
554
531
618
114
13
254
780
845
874
396
789
654
956
201
1
928
678
476
932
772
514
564
126
474
184
616
420
732
584
468
172
175
305
0
601
650
32
481
463
954
384
807
712
798
911
498
736
993
301
439
886
233
707
413
256
366
718
370
399
292
1
449
580
194
303
552
396
392
379
132
380
305
431
236
107
454
325
216
394
253
648
990
232
412
525
780
373
963
230
747
607
617
477
251
333
658
893
541
237
411
504
836
100
962
5
423
213
96
698
985
272
270
746
487
189
372
759
9
743
976
28
121
630
750
274
60
527
146
52
13
324
500
535
597
789
552
939
587
288
865
528
284
320
639
728
718
731
577
139
771
226
211
467
86
400
457
334
916
705
272
804
288
407
323
337
6
797
266
371
960
616
360
257
502
616
518
566
8
385
688
135
373
133
716
475
984
815
644
334
496
270
740
539
170
261
271
980
832
600
65
812
726
502
849
269
613
420
896
276
638
909
559
684
712
636
894
877
371
590
408
158
864
283
23
225
473
683
136
741
156
331
1
81
346
539
1000
950
971
592
262
511
429
138
185
667
328
563
181
15
349
666
312
163
400
725
691
136
965
493
908
106
712
778
897
103
767
78
204
358
779
703
939
230
154
878
285
173
142
659
315
600
971
70
524
380
395
701
814
183
427
534
238
766
814
381
666
108
677
231
996
29
620
187
336
231
336
9
712
497
925
800
596
446
34
55
730
579
727
707
87
584
917
409
243
413
421
445
995
699
251
925
364
705
724
604
107
418
508
383
47
933
29
246
621
147
355
898
960
1
178
425
446
130
913
269
911
888
611
459
394
786
411
578
231
859
372
698
998
268
421
399
9
190
989
450
552
460
225
162
233
564
857
397
650
987
438
764
480
295
571
567
942
384
824
636
921
646
23
869
51
570
573
9
774
449
915
719
114
394
423
702
974
923
512
86
26
358
998
357
804
418
607
773
215
349
376
565
952
693
720
111
611
742
741
131
186
890
303
282
804
119
473
861
60
937
745
80
199
85
578
212
188
513
874
738
420
843
497
118
39
95
886
137
847
250
121
500
21
840
234
763
206
587
381
273
251
941
799
418
357
789
913
105
406
305
435
572
999
134
300
73
37
892
321
517
435
666
986
608
722
896
961
433
945
381
433
595
287
944
771
469
721
722
485
511
98
463
675
451
13
329
178
702
788
859
151
213
408
660
25
970
188
328
58
962
938
867
128
771
316
692
869
51
75
713
522
985
369
126
623
531
507
375
744
356
2
713
406
107
568
953
478
389
990
145
480
405
934
41
187
973
149
137
153
847
34
429
206
311
516
642
424
300
405
527
882
87
594
378
233
473
546
895
794
162
360
769
560
5
980
214
871
721
60
707
858
454
717
584
525
565
975
563
335
431
876
408
434
30
196
515
894
974
270
618
174
875
467
147
482
600
893
59
391
970
988
501
8
130
862
521
156
106
906
445
730
250
177
219
251
812
53
461
501
191
704
151
300
663
671
646
544
947
110
34
241
18
536
888
67
521
184
426
787
53
608
724
363
212
869
468
934
347
132
290
280
836
903
307
130
892
264
99
691
990
311
230
863
663
507
382
821
399
23
530
854
549
839
368
307
160
278
296
562
309
332
283
368
273
428
263
314
214
943
551
714
268
2
309
977
719
899
767
430
722
485
164
273
22
22
24
75
389
354
891
968
925
954
928
957
521
197
773
775
573
124
777
522
977
253
777
521
27
579
233
174
571
504
33
712
661
781
72
501
523
289
807
460
913
494
918
676
728
899
693
447
932
101
970
874
495
697
444
181
716
673
978
979
685
786
618
846
675
134
308
532
373
98
910
364
279
645
155
947
487
46
191
957
747
892
849
436
328
737
230
654
406
910
401
84
458
126
35
42
564
301
791
761
405
630
904
221
55
235
541
366
726
926
272
204
294
177
20
196
108
868
155
120
537
12
319
382
410
357
446
207
850
431
521
364
474
498
863
585
28
85
862
378
822
178
46
838
77
573
354
318
651
89
549
712
775
104
74
137
980
609
644
731
546
868
180
431
563
882
638
490
540
621
696
279
277
953
198
990
416
360
662
17
163
25
848
633
339
973
691
940
733
839
202
485
486
92
978
367
838
789
717
457
423
523
38
8
985
958
988
6
860
279
226
157
979
66
59
246
209
604
131
550
685
38
596
825
730
47
5
490
592
259
897
279
801
81
87
358
22
997
304
780
776
944
275
244
348
373
768
720
651
179
360
318
181
28
76
380
156
342
623
701
508
633
75
706
82
839
781
496
329
643
558
152
760
221
505
104
916
729
925
177
688
544
21
970
18
134
265
738
136
44
130
18
455
814
730
232
906
946
260
444
500
31
52
980
223
854
820
947
246
687
792
486
630
949
228
818
855
37
93
757
330
361
300
367
898
267
171
630
992
279
611
335
784
597
140
599
73
776
330
620
497
97
735
793
815
366
566
349
267
720
126
252
155
693
847
995
749
494
290
891
553
381
654
950
86
338
275
830
768
120
149
562
280
376
430
196
68
909
826
106
488
931
707
580
581
637
691
792
48
824
342
220
563
725
151
180
704
816
485
770
730
685
535
854
594
499
655
542
36
411
8
541
877
513
549
783
807
457
755
500
229
883
629
634
280
715
75
244
321
360
169
469
994
198
749
161
299
480
293
690
859
111
54
218
712
344
942
448
848
84
638
240
374
597
556
304
518
688
132
263
545
661
505
990
26
56
258
530
708
424
539
979
962
178
171
556
396
601
274
112
214
909
147
247
227
927
633
475
51
645
704
742
109
909
568
140
644
852
474
651
992
674
157
968
529
713
447
85
257
286
985
592
968
457
559
873
654
926
414
77
740
520
175
769
399
127
479
212
626
370
805
801
977
463
551
757
299
745
503
983
8
703
143
655
664
984
889
847
706
680
87
321
405
705
609
548
460
634
198
981
569
536
811
367
411
999
899
399
503
237
902
744
757
188
394
345
411
406
561
485
562
105
886
899
215
997
538
662
724
578
525
497
827
735
579
388
903
843
752
694
657
81
884
38
998
642
425
192
545
45
5
483
55
621
410
452
304
121
704
340
14
876
363
763
778
281
613
483
510
861
498
455
40
103
688
123
678
792
826
204
219
684
326
444
144
739
837
697
91
735
581
129
342
272
188
797
558
893
149
916
622
949
99
976
481
794
499
104
74
400
963
139
348
32
628
29
709
535
651
509
286
427
325
959
577
813
789
96
855
12
102
66
608
303
360
769
302
572
705
997
651
529
837
502
128
941
431
810
282
856
708
567
354
983
560
135
979
574
585
907
850
954
655
901
904
212
656
623
378
587
433
665
524
802
759
544
992
513
254
937
791
638
434
505
786
585
119
346
258
727
43
486
278
23
134
292
658
999
732
76
78
328
750
559
674
142
614
469
445
459
824
477
549
589
364
969
623
618
571
601
722
212
997
45
898
661
400
701
618
19
113
352
323
803
932
305
264
301
656
290
231
954
543
550
529
510
338
85
135
394
424
79
597
62
855
808
693
505
459
229
714
723
224
483
528
894
459
847
849
63
448
970
375
361
817
713
91
705
775
731
411
155
398
285
765
79
335
6
468
859
54
568
268
594
533
451
394
677
550
509
373
248
658
690
192
188
992
581
255
571
988
526
769
549
416
365
499
630
524
96
48
487
401
315
728
415
348
989
913
426
364
260
437
33
262
439
755
664
886
678
955
70
541
577
74
945
874
315
463
907
349
10
755
289
657
125
991
531
344
838
832
550
268
657
768
364
607
157
158
419
996
377
725
668
165
472
488
115
638
779
975
608
781
697
459
894
448
91
284
586
508
697
657
448
365
631
275
486
613
270
789
17
80
166
284
451
633
72
393
498
518
716
7
55
423
850
55
328
876
626
289
52
136
66
447
392
435
969
262
470
773
211
520
216
315
651
5
748
556
198
728
524
795
263
929
808
455
645
933
285
718
259
807
173
421
874
21
380
730
96
891
425
422
900
785
441
346
812
654
980
651
678
454
962
957
613
490
786
100
744
769
187
751
427
563
282
338
321
483
810
237
28
775
286
997
265
33
45
818
748
855
865
944
351
556
839
431
395
635
409
481
551
790
588
697
624
879
218
228
94
430
747
623
955
120
756
245
456
212
318
791
407
947
157
564
749
39
317
650
30
633
195
764
221
721
240
216
781
788
179
275
890
279
244
289
852
853
633
18
366
85
477
794
381
601
968
216
942
671
756
986
381
735
958
219
921
304
829
710
888
187
866
705
888
409
967
578
139
226
12
5
639
645
669
566
850
205
646
710
218
502
445
754
361
524
544
694
768
311
968
46
310
629
601
111
222
282
566
306
289
945
761
208
664
699
711
845
633
739
636
160
614
875
340
268
797
503
632
605
893
60
200
508
327
318
684
196
831
118
565
229
685
574
570
995
313
286
878
45
669
106
681
320
178
357
593
259
98
93
195
6
175
101
741
910
268
323
772
438
870
365
480
107
558
335
962
307
206
261
848
525
480
598
821
457
911
337
287
455
585
845
508
998
975
537
996
947
643
427
819
214
451
819
698
110
258
633
227
399
445
709
493
379
763
429
660
734
89
960
642
261
899
960
143
248
399
492
39
846
542
273
815
948
489
237
593
409
776
469
484
156
407
530
88
437
268
672
838
627
210
656
131
352
322
769
501
66
38
113
877
511
907
630
311
900
590
934
151
384
424
296
622
510
896
383
369
677
660
585
84
449
780
87
103
282
256
50
15
801
232
308
973
789
590
452
424
436
633
242
611
826
160
162
887
760
784
421
738
343
712
554
636
87
790
735
98
402
215
446
421
908
593
4
665
526
291
348
833
498
982
254
83
55
321
34
292
515
633
615
791
620
787
884
86
271
711
832
593
946
828
987
543
945
160
950
17
513
562
525
987
863
749
88
139
808
93
802
417
225
15
428
528
901
891
474
532
360
293
906
724
147
840
887
712
250
512
589
23
8
865
903
426
149
261
411
281
288
778
478
874
441
254
611
142
49
143
206
431
966
975
973
93
714
373
959
87
797
710
714
814
952
715
997
462
287
126
120
413
174
792
731
368
291
886
939
26
609
518
291
476
597
733
338
968
293
403
731
655
395
565
346
981
282
802
243
499
836
165
194
636
615
932
623
904
740
726
207
708
384
893
862
987
603
767
862
14
741
283
58
173
902
102
529
310
144
137
472
709
403
950
577
244
171
108
868
989
329
808
974
172
597
204
705
48
112
18
365
629
648
217
252
695
806
363
859
993
98
907
427
357
698
796
763
201
672
348
572
755
702
647
345
606
466
563
998
48
152
180
752
340
19
52
744
634
907
396
692
145
496
615
985
215
271
506
271
133
619
791
496
101
78
299
187
329
892
663
838
934
59
161
419
405
859
489
357
642
578
942
139
86
311
882
670
145
246
891
644
867
254
428
322
492
251
511
125
121
506
316
185
218
480
412
525
214
644
338
838
729
562
279
867
797
310
238
405
309
586
245
444
156
497
425
327
424
381
305
70
432
623
976
655
449
695
71
40
358
527
794
320
675
912
645
33
190
142
533
27
168
91
82
995
422
1000
738
239
489
677
654
222
639
554
682
44
264
291
554
432
356
135
899
329
86
516
812
350
375
991
526
237
480
406
456
172
548
625
496
646
46
242
76
276
317
289
119
280
808
964
759
455
922
564
74
782
606
372
509
288
862
447
297
185
835
745
108
608
288
440
679
321
17
433
306
476
177
820
558
147
316
451
66
356
173
854
861
778
436
47
212
337
357
106
835
883
586
427
57
696
385
984
383
635
155
503
559
561
921
549
911
412
326
123
870
938
158
779
172
280
347
688
144
750
497
711
980
995
185
82
806
377
722
739
817
670
244
545
64
88
386
882
472
907
405
664
779
19
386
56
248
906
140
539
275
594
117
798
684
579
851
710
867
92
904
393
305
107
633
432
269
579
341
900
858
912
689
592
680
185
30
610
765
192
712
690
321
166
185
788
17
878
894
880
707
565
410
901
552
547
440
937
632
634
17
421
324
836
135
532
149
569
403
837
718
804
725
271
954
49
133
368
164
727
131
210
805
72
444
98
113
981
405
137
623
350
782
471
510
5
477
417
569
533
71
603
957
793
142
313
649
118
322
901
952
152
737
482
385
123
611
89
922
53
244
426
135
581
725
282
906
611
536
287
273
991
472
719
500
663
21
890
572
1
515
486
59
566
654
992
423
244
712
919
292
68
558
828
400
734
75
291
848
289
641
754
79
883
977
463
426
251
186
652
900
618
201
167
750
773
387
666
107
784
745
573
122
452
455
939
541
237
523
409
851
541
476
3
80
168
945
324
986
840
290
146
555
378
5
191
461
231
273
481
907
582
843
305
691
288
341
404
17
280
159
489
481
255
761
121
855
567
77
732
14
577
20
172
210
511
13
810
952
792
151
42
240
237
336
782
923
580
183
499
448
808
535
118
952
508
984
178
194
352
332
116
463
527
894
689
490
476
714
418
889
226
952
4
543
900
13
873
324
455
45
76
521
850
132
827
857
235
256
939
907
286
803
852
664
411
458
703
560
281
53
417
259
429
171
122
993
743
804
453
256
699
493
561
86
395
307
618
372
557
193
414
279
160
780
250
60
77
91
795
804
960
382
675
698
952
74
992
517
700
830
336
249
485
922
217
797
726
932
435
322
721
975
989
880
312
218
365
950
28
942
178
352
303
982
5
214
737
490
45
261
726
673
16
422
910
759
149
790
409
225
222
377
363
340
148
960
844
270
452
271
686
983
113
82
126
592
162
407
647
338
30
382
798
526
515
742
193
526
564
419
34
392
339
590
307
333
691
51
875
755
713
815
334
754
961
91
530
621
901
253
934
44
58
784
447
98
740
823
476
780
716
789
216
42
879
862
971
823
249
166
285
685
347
752
441
826
659
487
639
613
653
108
711
863
287
322
432
444
126
390
760
843
225
10
61
980
406
741
958
445
565
64
244
476
968
365
602
336
983
389
603
368
588
446
544
346
773
397
330
870
523
22
497
930
289
682
493
675
164
622
527
404
686
991
472
269
926
526
65
985
814
870
325
292
817
586
384
610
352
890
946
555
517
677
736
960
941
146
193
264
397
17
798
730
28
933
652
343
41
13
473
502
341
280
738
783
922
966
314
334
964
634
637
141
900
425
973
744
54
701
339
610
291
819
74
219
322
895
286
906
78
456
385
187
859
657
320
371
957
931
67
967
387
741
785
935
405
454
302
330
79
448
924
446
973
502
790
502
868
830
369
892
6
600
222
164
233
109
47
789
654
883
34
784
506
67
792
437
769
329
267
861
569
443
432
498
306
453
26
768
600
706
714
106
532
567
856
328
174
170
183
696
479
396
998
361
985
692
556
82
138
203
8
41
383
490
905
626
628
642
529
978
499
501
361
817
38
332
755
400
492
913
13
683
107
633
393
368
647
700
55
442
398
402
115
81
490
875
874
622
687
950
427
448
384
149
904
485
912
249
569
136
307
100
846
272
686
134
312
447
572
928
499
811
905
307
37
548
693
159
158
475
495
312
508
737
443
593
428
447
211
787
344
121
580
300
748
653
35
23
238
864
262
162
852
415
954
945
146
43
638
860
602
103
481
575
686
494
644
524
840
291
207
527
247
239
374
770
338
946
983
603
779
919
475
736
162
620
50
454
202
467
277
502
71
357
336
698
58
935
853
381
271
215
434
906
367
406
64
42
731
730
27
492
728
208
863
929
707
513
702
622
93
17
671
98
456
489
164
490
849
570
981
821
142
404
310
263
449
368
656
870
590
458
672
690
268
898
123
301
50
586
559
289
155
723
715
669
667
946
544
407
671
682
43
775
427
183
517
264
363
167
672
13
75
573
833
842
976
179
323
631
781
523
543
471
587
908
145
454
375
635
787
225
61
911
364
867
327
72
947
481
163
148
799
456
899
920
160
648
550
344
841
177
242
944
248
32
976
932
273
705
803
602
883
891
944
664
637
522
596
785
165
70
237
217
235
456
528
272
778
247
140
449
891
477
334
866
9
688
95
983
248
157
196
824
558
941
633
179
130
122
10
439
741
837
950
577
553
487
191
73
750
99
494
381
57
548
712
770
100
534
846
548
795
26
29
0
481
759
101
461
951
531
843
82
921
901
999
733
688
772
671
960
613
307
806
59
706
363
55
65
2
779
515
147
5
542
860
707
792
638
710
345
778
151
180
489
686
560
530
16
95
282
502
764
110
296
869
968
99
436
803
565
197
277
49
395
283
415
737
240
101
723
741
493
134
78
604
38
961
697
553
527
126
204
249
456
192
665
659
152
279
763
943
277
52
203
48
937
605
104
468
301
964
7
337
337
379
680
984
837
405
572
996
460
176
268
495
733
280
597
545
961
658
557
223
140
993
113
769
455
582
286
415
521
138
866
90
607
710
544
681
185
357
34
175
778
748
892
376
690
3
656
284
300
221
43
417
24
61
469
591
725
868
913
696
728
859
49
190
125
902
535
141
524
891
103
802
537
179
33
995
356
931
254
291
850
796
196
318
731
834
56
818
552
693
420
453
414
90
164
9
751
95
470
38
486
286
386
241
297
385
341
533
689
369
452
370
646
779
207
7
728
562
773
140
310
186
463
380
269
951
927
48
372
478
177
803
638
31
74
776
977
383
738
402
109
98
891
980
493
941
276
61
678
438
161
378
405
990
969
401
385
86
700
462
977
75
234
948
740
821
534
554
262
766
161
567
645
307
859
235
495
357
91
872
175
923
147
534
333
116
352
727
312
820
167
59
314
547
701
216
955
556
980
640
406
700
234
13
840
189
758
377
850
683
349
60
217
152
708
0
99
682
243
119
268
418
186
306
233
68
115
374
641
608
479
755
221
456
123
488
850
142
578
567
257
938
964
537
259
207
262
298
64
846
548
571
138
147
934
530
613
711
299
738
825
87
211
482
822
616
211
758
553
771
479
620
777
452
598
762
424
430
282
601
356
139
392
628
1
951
232
507
367
593
758
384
991
249
2
854
617
656
366
144
967
624
416
950
973
660
662
160
767
315
151
269
670
931
913
855
869
510
755
138
504
202
803
883
25
618
528
497
584
306
464
933
95
249
43
948
499
572
577
507
271
354
366
259
997
368
464
580
418
447
288
188
799
333
436
883
13
391
842
491
997
195
131
753
818
608
809
71
49
771
452
535
118
249
11
446
157
28
147
414
786
856
264
134
120
357
936
532
438
772
586
38
690
523
211
201
208
662
70
495
139
208
205
271
627
907
813
626
741
474
342
732
985
36
699
314
108
544
797
467
980
372
43
470
537
803
294
690
800
315
298
251
794
411
439
289
574
175
613
457
429
695
381
190
11
762
255
457
493
412
262
409
779
542
880
299
502
649
246
125
266
679
80
30
657
952
35
662
669
906
104
782
674
196
341
208
270
10
443
478
510
643
851
306
114
101
79
167
316
780
625
436
472
600
587
176
614
562
358
480
553
624
889
37
20
854
48
755
92
439
890
888
489
966
506
661
459
816
801
635
278
226
525
104
482
603
163
690
909
493
518
124
531
331
623
378
517
378
608
558
742
971
601
910
792
681
242
467
954
654
260
122
247
856
262
104
24
685
743
432
552
364
578
0
108
497
873
552
570
58
544
842
149
938
432
101
874
459
762
273
462
58
109
236
118
640
369
435
230
841
105
713
120
631
674
267
922
270
55
494
356
22
927
642
705
677
886
468
430
545
514
384
457
205
58
711
142
861
184
912
221
952
676
704
15
326
99
376
867
62
232
1000
614
234
304
494
466
732
45
878
515
22
960
129
666
421
196
195
546
904
469
312
254
429
996
498
147
322
690
800
444
436
49
47
646
501
976
481
890
55
643
116
479
550
44
125
424
562
521
471
178
994
528
234
518
359
720
313
46
328
763
33
616
218
533
745
790
936
455
181
161
871
994
628
709
625
193
481
320
632
85
234
394
930
147
767
133
303
354
286
481
628
118
330
541
179
823
852
474
288
272
727
867
73
586
716
152
319
110
860
816
902
855
44
904
85
66
553
680
761
783
947
316
612
568
231
778
764
175
520
633
86
700
742
520
565
703
132
57
338
187
946
304
316
905
912
188
204
831
728
139
236
537
478
713
242
142
302
81
686
226
824
294
492
496
137
571
391
61
493
500
168
91
919
167
296
164
706
25
601
673
716
161
909
465
189
868
56
884
130
875
333
461
694
783
976
901
850
927
129
438
331
326
662
505
774
130
465
412
216
24
903
841
228
118
164
798
575
804
224
316
590
774
569
745
513
723
114
165
100
368
770
782
43
473
985
795
737
174
922
864
360
827
105
590
734
256
126
409
992
108
434
711
521
327
459
56
526
37
793
23
607
400
773
362
474
913
932
607
585
415
704
264
973
900
777
132
461
546
860
758
450
138
4
559
373
486
280
228
367
950
264
959
638
194
338
828
595
917
818
333
117
165
586
794
16
749
327
956
925
626
165
950
145
79
95
890
562
395
42
998
855
508
92
933
955
589
75
739
768
318
116
586
894
670
22
956
638
441
738
28
193
799
522
672
871
679
173
688
524
396
169
425
934
62
681
393
136
619
862
443
8
250
821
987
759
573
466
161
581
340
833
541
563
565
880
259
602
455
812
420
515
763
350
215
942
258
269
328
728
248
719
730
726
