11
50
109
301
988
139
623
531
776
431
886
0
909
914
814
152
84
778
695
850
249
592
827
200
202
573
994
994
455
724
26
912
982
848
300
479
474
698
846
445
67
804
836
607
145
628
343
394
536
724
875
549
698
356
424
544
338
717
97
941
4
936
987
623
481
79
653
357
409
608
594
35
768
19
321
419
605
737
394
272
691
198
925
391
792
503
914
557
778
316
887
995
475
954
163
711
920
696
506
257
604
416
881
245
968
513
750
392
77
1000
84
879
244
776
717
676
542
448
233
670
527
594
146
783
18
37
497
597
275
954
265
729
269
408
568
407
796
28
13
768
549
908
647
702
923
929
606
261
626
814
435
647
627
79
611
899
719
650
512
566
819
953
27
137
813
73
898
773
206
679
283
813
200
899
693
351
812
174
222
965
653
958
421
965
682
940
88
752
589
464
645
350
389
157
901
79
308
845
432
251
454
887
414
285
347
143
421
93
235
870
151
952
691
918
472
698
331
647
810
244
44
357
914
15
856
346
740
967
26
891
171
876
90
443
807
498
34
491
204
647
140
210
255
353
947
731
986
841
305
517
281
832
963
944
454
340
185
868
882
706
638
587
438
336
967
920
811
785
706
791
467
792
714
231
346
116
85
845
739
41
840
437
230
995
620
779
45
701
108
443
413
490
275
251
669
241
762
786
790
239
738
307
549
764
501
807
780
681
440
446
356
76
528
398
922
437
755
363
317
393
924
836
900
272
471
674
680
798
190
556
121
507
966
303
636
183
79
386
602
775
9
457
844
905
469
969
46
687
772
460
748
632
491
443
657
556
484
113
932
925
528
114
133
461
362
720
28
332
61
520
396
887
254
212
59
613
117
553
101
24
743
717
727
230
968
708
11
605
445
774
940
404
615
122
165
529
96
765
409
348
153
336
703
52
34
519
237
412
434
661
270
20
669
577
964
714
813
440
243
175
211
330
396
143
61
408
41
159
799
791
309
85
93
537
335
72
672
182
730
700
206
847
16
740
278
629
76
942
46
763
172
840
39
927
575
763
569
311
597
826
970
154
640
466
920
926
61
235
891
689
265
262
786
33
547
799
904
200
269
220
254
636
44
666
118
388
868
216
138
809
148
22
837
153
427
390
234
884
193
649
79
463
424
278
293
984
24
836
607
89
390
985
52
386
175
537
98
537
573
641
806
183
498
4
26
558
811
88
201
894
728
445
618
199
904
581
473
769
888
984
379
773
872
57
360
123
834
302
29
141
48
566
433
826
191
313
365
77
312
979
19
748
939
984
759
1
777
128
42
831
57
665
876
460
793
184
452
590
506
361
629
438
822
911
918
433
524
512
873
425
38
131
452
610
584
705
949
445
235
330
814
388
202
851
687
572
346
235
842
839
955
403
340
76
745
777
721
72
273
188
704
992
737
746
88
686
168
15
831
845
317
926
424
826
472
7
332
997
310
1000
136
23
692
875
741
504
310
603
129
120
228
954
478
372
540
409
23
551
944
137
716
454
973
105
284
308
766
626
260
303
636
659
978
876
444
244
609
48
127
537
940
57
396
441
479
634
898
160
710
355
378
317
579
470
470
184
101
366
464
217
855
59
333
784
836
966
953
741
648
39
658
591
34
674
795
307
184
583
168
104
635
87
956
294
592
90
461
134
674
314
695
584
163
775
317
602
213
700
175
143
762
13
268
430
866
658
927
965
742
700
828
589
318
576
903
94
387
190
237
582
573
626
863
546
693
904
356
730
177
63
81
256
989
979
385
377
386
949
776
383
227
673
936
30
109
223
667
32
205
381
414
543
932
559
795
687
90
163
597
706
93
878
389
375
93
355
340
143
908
383
603
286
385
927
196
28
655
272
706
182
10
216
780
160
709
472
126
876
461
155
772
193
892
804
299
85
976
95
582
97
777
844
357
687
418
92
163
840
901
537
227
375
964
456
178
28
902
829
445
739
578
11
786
245
64
606
492
258
263
296
411
998
372
847
528
828
196
744
37
845
621
468
654
523
363
598
628
333
803
137
350
192
407
806
867
366
872
361
398
525
985
58
770
256
432
951
826
32
521
190
601
346
625
296
420
975
967
78
731
451
270
539
924
174
851
289
356
390
405
247
723
804
97
690
185
678
932
822
704
853
596
419
283
36
18
618
710
688
464
545
942
880
459
958
729
645
942
214
505
338
582
753
598
770
757
172
567
988
943
962
366
659
348
418
363
998
472
608
924
587
680
377
888
774
88
213
609
58
443
276
620
620
90
735
958
123
254
493
938
771
98
185
497
785
108
853
233
703
220
11
473
147
432
636
252
209
441
905
356
954
782
639
446
567
915
360
692
586
137
842
700
797
800
673
266
644
135
861
669
77
530
947
520
602
674
114
628
387
835
266
42
92
316
411
48
370
135
901
702
168
293
354
370
963
809
182
381
148
623
313
556
108
762
573
175
473
552
817
456
633
148
577
691
266
72
438
344
142
601
464
636
903
604
370
583
820
124
43
976
964
959
763
634
768
781
685
359
39
884
686
295
723
827
484
869
548
270
769
688
651
987
471
359
581
612
966
554
574
841
426
989
575
194
965
20
353
546
856
414
870
944
666
819
296
80
946
563
569
61
133
961
788
267
446
486
282
796
426
676
558
613
869
47
960
317
679
478
618
785
560
489
288
675
852
340
909
482
20
836
655
0
260
746
102
452
750
907
843
297
712
661
290
867
955
792
384
243
339
824
436
580
785
420
910
420
866
29
243
371
611
433
480
365
555
686
62
644
586
199
388
927
785
865
149
120
371
136
607
288
855
315
74
523
681
58
104
719
744
638
905
649
925
115
213
571
692
63
263
713
464
484
801
482
549
496
698
928
115
422
205
762
73
1
722
295
915
528
533
571
258
826
886
784
542
392
516
495
490
14
689
358
266
98
252
370
380
139
96
403
82
795
248
843
846
366
688
83
787
379
142
114
123
370
837
275
350
722
395
678
771
583
510
579
446
862
936
988
596
497
218
698
683
618
830
437
964
484
207
433
905
703
843
946
526
898
268
188
340
373
294
331
32
604
758
405
767
607
804
869
250
385
800
788
961
473
330
586
897
11
374
922
983
336
893
64
121
149
404
414
80
299
266
857
775
615
382
965
628
649
361
477
75
734
702
952
535
482
417
792
380
43
997
427
574
72
778
929
510
245
802
614
976
733
65
857
439
211
726
413
736
49
605
3
802
856
234
765
332
723
723
223
91
468
949
123
274
978
273
401
764
423
466
278
270
122
527
332
409
632
785
946
372
353
556
508
105
645
569
365
651
16
228
246
385
611
84
16
580
338
175
539
158
296
265
929
784
932
714
481
69
230
683
847
923
115
53
780
601
643
800
926
625
199
139
361
617
854
591
409
768
717
40
63
179
802
251
184
704
838
978
904
482
210
727
437
612
111
900
7
642
770
406
712
437
323
687
60
350
487
103
371
746
363
976
160
519
314
336
163
263
533
959
924
181
155
86
598
239
393
713
309
789
531
264
23
900
720
655
971
352
386
853
599
202
336
584
150
869
1000
353
817
799
191
319
3
170
27
850
514
443
697
607
267
807
812
901
931
874
405
584
918
335
72
521
25
462
114
16
813
67
196
792
921
487
999
214
63
398
641
762
663
702
41
247
333
933
611
499
124
851
204
510
392
483
182
915
679
686
250
923
597
223
95
266
21
76
622
88
694
281
188
693
90
65
454
792
951
83
574
370
63
368
630
550
78
713
934
968
619
816
454
237
146
118
737
45
495
687
685
938
679
447
713
432
403
691
915
952
698
174
666
743
244
803
206
784
331
358
459
61
470
692
242
182
504
272
69
320
484
218
613
250
938
991
371
897
242
309
152
933
615
63
231
504
253
635
205
375
964
15
473
441
156
464
83
475
913
882
98
406
490
201
788
539
118
217
968
922
549
753
172
492
409
80
523
662
448
184
910
450
659
694
334
5
427
121
726
384
808
880
737
8
520
745
72
605
268
372
417
735
620
638
197
409
186
497
117
886
541
345
292
218
94
406
253
43
70
963
867
936
28
406
280
754
672
263
871
6
897
437
959
953
993
5
667
694
47
56
967
494
754
586
602
117
81
575
290
30
167
920
483
179
342
808
606
925
343
809
542
589
648
600
3
113
298
883
300
171
224
709
405
467
866
214
99
607
894
154
679
36
367
234
769
189
981
903
709
664
702
475
925
958
628
994
814
616
464
727
560
692
620
140
352
641
489
907
734
965
204
982
443
318
880
723
929
326
575
716
227
33
6
461
136
3
875
484
235
778
721
243
129
863
124
716
636
38
2
650
995
698
884
159
48
521
214
571
653
443
687
215
649
17
551
805
512
643
89
881
25
103
592
301
438
48
236
3
934
74
879
2
591
866
733
468
12
418
916
271
110
948
74
838
844
459
457
854
398
814
644
200
791
162
169
815
662
432
445
841
775
818
625
631
980
284
485
954
29
231
354
424
485
269
162
759
528
123
882
324
358
947
633
458
517
505
105
272
727
691
640
948
333
462
45
301
95
530
273
545
849
778
465
671
177
595
42
832
536
164
278
772
705
555
22
820
511
276
88
531
302
524
377
572
629
859
509
564
156
995
958
173
657
796
218
555
600
135
530
378
345
393
931
797
27
117
505
716
518
278
368
758
13
653
410
378
803
777
949
599
329
565
797
503
700
680
145
662
912
125
313
931
17
746
419
368
600
664
704
520
338
496
23
488
26
88
686
28
106
378
329
429
528
886
985
879
128
214
813
416
756
351
807
755
527
607
359
294
979
511
115
810
683
778
903
303
990
864
819
598
701
684
445
119
681
417
644
852
417
574
145
349
993
827
88
58
900
695
930
694
463
471
224
108
112
626
418
886
503
769
90
165
540
431
124
104
197
850
827
442
213
587
305
564
23
120
908
995
73
175
403
787
571
642
182
937
37
197
809
24
712
618
712
13
280
688
24
658
970
428
520
145
485
742
552
739
939
822
203
449
365
342
290
635
569
411
809
25
247
306
83
819
710
779
90
368
369
706
571
363
901
415
905
661
844
177
703
391
634
280
586
516
677
407
195
139
735
394
852
516
443
626
80
468
871
847
565
927
163
394
280
908
379
838
296
365
753
631
349
672
428
131
859
496
289
180
287
508
564
287
256
550
113
546
935
486
784
969
141
593
133
786
442
818
272
4
740
904
55
821
908
983
183
35
493
897
336
185
767
56
564
753
369
8
924
786
80
751
789
581
755
743
867
836
436
194
197
724
679
861
707
792
95
888
979
410
890
697
857
806
399
937
724
533
999
653
388
251
782
719
233
347
538
959
535
358
412
978
783
881
755
234
779
779
455
997
905
960
381
347
478
82
985
139
517
601
618
40
872
238
69
418
422
485
758
29
484
619
614
947
875
61
273
818
195
140
37
23
269
148
231
977
941
445
414
233
693
215
365
877
647
697
804
717
933
499
941
688
380
7
788
456
65
201
737
552
786
420
985
990
395
992
901
182
102
244
614
623
689
925
578
868
44
705
408
587
562
386
950
664
268
41
510
226
432
194
785
850
968
757
735
288
83
1000
249
301
727
694
809
288
484
769
522
662
833
523
76
575
386
432
643
633
841
157
447
26
592
757
312
860
272
475
29
619
621
233
69
612
637
453
788
578
10
607
395
850
100
275
829
802
431
683
542
477
371
446
509
991
586
96
84
409
876
291
907
53
570
985
615
332
826
780
902
415
741
526
62
288
51
268
250
227
735
732
100
282
251
391
961
566
732
444
799
58
274
576
230
970
446
361
274
685
609
382
272
768
102
900
318
509
269
672
223
180
84
672
174
875
250
600
573
301
94
582
349
843
137
825
903
323
776
228
162
831
949
564
377
237
4
391
154
724
716
309
400
34
484
142
78
490
520
396
473
319
220
51
824
209
458
190
122
436
570
475
797
141
918
813
199
0
633
420
962
675
470
455
55
267
949
282
59
630
58
904
823
850
670
153
714
604
870
8
915
940
116
15
359
928
443
8
550
806
655
696
860
514
931
450
970
196
243
778
766
476
983
492
554
164
691
740
704
683
122
213
607
572
122
517
758
767
828
420
805
508
223
684
103
869
935
83
219
446
612
811
307
944
520
862
955
434
337
891
884
40
554
922
558
908
107
470
773
384
757
974
636
537
970
875
877
835
639
802
240
278
48
852
458
361
545
632
347
610
615
770
65
11
673
113
692
567
805
324
175
771
764
248
751
158
540
45
92
715
583
175
709
731
28
923
926
323
784
79
88
276
545
503
200
870
308
217
759
68
695
613
872
330
500
687
951
952
591
731
533
757
417
167
392
744
510
8
81
366
544
870
894
798
627
300
698
360
671
522
544
976
478
835
966
732
257
180
539
391
205
19
443
942
910
659
622
33
728
914
494
969
311
590
716
908
846
598
635
173
350
238
131
426
130
569
490
793
386
745
178
732
534
227
732
193
207
924
500
424
133
198
928
80
152
422
603
443
933
387
285
998
786
436
434
192
110
888
881
596
940
788
565
335
416
960
770
172
307
890
219
841
928
713
284
653
517
264
163
552
895
151
793
670
531
372
132
353
94
887
298
902
762
108
165
134
705
637
329
481
585
610
743
784
57
800
925
521
438
610
43
954
430
661
822
558
787
692
0
300
299
687
306
942
606
955
67
432
1000
646
850
664
533
58
862
327
953
353
878
783
861
607
186
3
510
976
644
707
600
698
848
58
632
427
662
155
74
170
597
841
381
924
229
531
758
867
667
652
790
291
365
10
576
589
96
838
591
912
993
103
871
818
780
960
275
540
525
451
151
989
176
547
416
432
34
40
981
522
546
245
227
27
279
189
493
16
110
958
876
310
265
737
407
398
732
178
630
476
517
948
670
361
789
371
944
891
761
151
302
968
452
230
938
523
441
37
635
475
332
708
49
298
321
5
337
913
674
460
373
181
659
967
107
567
924
914
494
570
836
30
674
738
635
507
74
768
336
749
404
734
427
740
279
498
893
842
171
756
137
187
399
155
698
305
527
807
690
143
403
236
618
784
425
554
909
347
539
239
915
720
788
690
893
809
11
82
700
60
325
712
954
255
87
655
254
435
635
939
440
604
960
942
133
257
738
264
386
861
450
238
790
28
950
895
994
777
907
249
867
4
273
955
518
458
90
488
407
93
726
471
618
944
935
763
602
235
437
901
480
467
203
554
243
15
370
554
85
548
375
954
445
168
398
845
523
370
16
694
167
433
1000
44
965
853
375
533
911
978
934
355
900
956
411
0
15
435
648
265
32
396
309
172
157
43
933
73
961
463
484
862
478
340
243
213
786
658
548
905
408
947
281
913
448
422
435
682
720
42
24
282
53
905
612
908
183
597
223
45
651
992
862
606
946
644
626
929
156
260
466
493
313
551
652
305
434
806
648
720
961
270
856
719
403
25
407
712
371
205
999
763
184
841
997
298
112
910
163
262
245
868
890
465
100
462
63
864
257
410
375
1000
5
287
350
667
367
20
91
633
969
247
101
678
978
678
486
597
711
645
516
738
517
796
60
541
587
235
917
101
617
323
218
692
529
204
92
22
329
991
17
741
214
42
222
103
12
801
674
184
144
829
196
476
210
932
971
407
110
956
461
395
983
263
529
991
660
339
520
659
436
140
549
127
956
650
433
742
302
84
121
502
480
647
95
517
916
797
355
562
614
388
856
570
915
524
343
846
934
10
714
47
403
986
796
703
26
803
187
747
428
978
667
278
511
493
955
555
998
427
700
533
768
767
314
46
8
708
506
500
343
950
339
579
771
142
618
77
668
707
785
603
264
769
365
263
168
965
629
677
381
495
707
71
642
268
226
166
953
524
79
214
284
360
709
298
114
69
825
943
45
304
643
508
989
848
20
232
577
398
886
358
292
980
90
12
503
807
566
929
941
47
342
10
614
444
246
642
574
800
505
747
261
951
823
257
869
918
919
717
530
543
279
261
783
229
46
421
284
235
422
983
993
134
117
726
324
820
964
174
321
938
494
434
345
1000
706
567
943
517
622
803
13
676
70
379
940
903
786
178
380
882
793
109
429
9
913
162
133
573
45
640
357
460
109
28
524
279
318
808
548
557
911
68
684
225
575
683
148
497
733
128
55
544
467
476
132
472
515
677
162
530
733
915
247
651
886
785
427
766
329
740
848
254
46
379
656
352
753
211
359
85
62
199
831
699
937
701
284
161
193
645
726
190
175
789
59
898
637
980
613
963
467
251
308
139
306
890
444
428
678
719
348
106
960
811
835
556
751
1000
630
553
228
732
541
794
372
920
485
165
921
441
101
789
630
678
689
638
180
246
233
558
11
820
398
576
565
407
184
536
838
242
950
965
853
97
787
519
704
144
455
991
986
757
315
900
303
218
52
957
439
385
401
260
588
47
882
820
557
719
870
262
505
483
850
288
314
453
306
282
400
428
524
14
886
9
871
420
354
460
287
671
68
263
788
789
562
63
474
529
570
236
607
834
439
639
972
252
869
2
875
677
806
658
219
983
627
359
787
888
497
177
52
666
805
863
368
136
733
448
412
708
249
472
41
553
650
280
786
693
728
503
198
32
909
577
958
420
230
200
809
108
90
269
363
460
863
716
49
971
749
170
435
464
723
490
692
665
317
900
795
487
378
207
916
621
550
383
393
751
931
474
552
563
345
24
475
352
738
56
464
902
641
595
173
743
866
319
332
153
945
849
801
149
527
916
594
450
682
133
274
443
978
621
888
469
321
389
1
745
610
729
853
71
286
1
230
63
34
601
607
206
679
666
700
236
890
457
469
470
374
805
383
805
632
364
30
457
252
963
326
409
467
540
444
767
209
269
300
788
601
145
887
955
517
279
891
938
667
885
706
102
811
233
331
513
842
717
447
688
427
1
659
898
723
587
135
749
519
254
910
849
415
639
679
0
835
477
130
226
541
335
931
711
820
445
232
22
99
452
10
735
782
887
509
393
593
988
222
514
703
146
822
549
547
200
953
683
124
763
682
441
206
705
907
396
549
116
88
689
847
96
990
378
363
921
686
391
986
414
730
767
896
53
424
236
610
35
341
753
257
238
898
761
575
117
123
198
322
788
613
913
69
999
118
134
601
795
295
491
81
766
818
886
814
741
872
627
167
839
411
963
425
656
169
939
835
778
941
368
48
918
404
195
441
734
324
992
509
329
272
599
546
231
840
254
291
362
354
11
795
860
657
7
994
694
181
567
129
121
444
153
219
622
566
352
912
165
672
350
745
524
852
994
794
551
349
930
541
729
684
255
287
840
244
51
914
416
451
77
876
399
652
954
767
405
767
564
648
708
688
613
83
775
35
260
719
428
564
974
890
41
649
327
716
544
58
203
780
14
792
476
711
357
982
165
681
164
501
586
361
5
563
386
146
336
184
88
698
914
101
857
782
155
658
771
634
292
862
308
244
867
51
874
282
27
783
661
592
450
769
751
182
992
420
222
938
176
429
480
386
23
573
54
37
318
625
970
547
158
609
150
662
475
643
688
193
938
866
251
248
470
193
492
787
886
314
141
575
597
197
803
656
325
724
982
595
166
293
143
505
977
982
725
178
732
805
708
850
166
443
691
777
822
901
819
65
930
494
639
556
348
275
1000
862
408
232
525
977
523
232
354
36
134
269
24
848
451
811
32
83
815
923
735
890
757
846
579
660
861
611
413
227
305
424
588
369
622
706
514
614
70
253
238
891
511
749
190
842
836
234
862
532
7
376
80
944
654
753
460
484
231
248
844
317
470
293
189
28
338
213
249
523
413
522
269
92
275
839
632
914
746
210
974
521
630
75
367
144
814
705
724
880
89
448
573
139
295
770
735
702
480
226
503
367
280
772
760
619
883
412
698
994
901
438
983
653
850
691
235
79
187
817
0
991
504
920
922
914
358
571
524
201
465
880
254
656
320
973
600
727
281
749
415
331
471
917
342
747
599
354
738
450
858
975
436
916
98
775
682
977
96
240
167
618
0
508
689
16
573
984
45
887
974
586
341
291
753
677
83
636
357
865
193
72
558
419
605
768
724
583
588
988
664
827
111
262
547
905
935
454
471
902
662
584
954
329
181
146
431
844
338
900
835
951
333
878
944
429
594
139
783
850
375
776
810
737
174
718
858
734
857
827
362
653
592
786
770
48
642
492
112
312
814
70
825
8
891
911
532
580
862
105
703
476
191
759
201
147
955
525
972
386
524
633
726
728
344
206
993
746
371
567
266
803
792
487
83
893
273
334
24
479
441
19
933
829
921
733
431
797
946
497
156
654
480
225
692
913
738
777
685
148
960
725
542
74
923
646
919
863
363
216
247
360
201
452
681
938
919
79
418
988
425
403
761
261
681
803
47
297
696
707
198
592
263
434
986
974
431
381
928
372
249
419
419
430
119
456
707
500
483
354
63
322
771
22
98
656
611
475
972
529
451
688
174
400
552
13
28
856
587
685
464
804
19
978
942
251
950
831
0
675
384
697
598
700
733
149
301
894
167
675
297
294
606
629
7
34
564
425
760
166
558
90
377
946
910
40
79
689
609
654
632
285
331
100
704
584
839
792
994
757
722
476
247
369
334
716
386
683
778
748
395
386
292
349
596
780
159
344
15
375
798
957
637
557
38
198
187
472
250
708
351
956
850
67
436
565
387
617
751
403
80
645
334
560
637
488
280
11
948
4
325
33
317
249
603
442
629
476
983
220
703
402
45
607
863
19
665
463
355
217
306
980
629
424
101
29
216
490
141
693
190
779
709
690
544
586
404
292
230
65
471
924
980
597
563
282
753
222
592
265
665
681
334
128
253
507
879
701
763
611
118
127
745
276
580
401
223
976
675
391
645
681
633
503
759
555
356
224
245
739
533
944
115
653
82
701
995
698
236
44
844
798
498
493
678
694
421
54
145
435
806
219
411
681
632
977
29
495
693
339
273
220
725
505
17
732
87
9
362
117
667
298
134
803
3
220
525
133
427
568
469
202
477
657
277
747
21
864
90
379
601
996
447
694
263
47
319
587
437
564
338
63
522
529
351
65
965
819
30
551
656
693
663
792
656
310
195
998
748
248
610
920
395
697
643
39
432
969
68
45
712
273
110
418
75
633
583
835
681
582
878
278
819
208
299
667
66
923
60
343
145
43
357
840
618
938
415
516
636
436
97
478
517
714
76
443
520
8
225
514
735
147
18
235
284
462
791
574
192
169
769
131
206
194
620
550
160
820
787
497
204
709
604
737
744
187
308
985
644
884
308
581
734
140
552
514
74
97
857
472
70
184
894
769
105
211
849
270
876
436
461
736
326
345
891
421
308
398
409
64
951
315
642
200
574
589
844
265
74
587
588
601
495
770
480
567
351
165
536
169
907
279
671
835
374
202
305
348
884
980
396
24
277
127
405
548
909
188
404
280
618
173
385
885
547
127
44
691
900
901
16
166
417
774
62
513
849
437
564
611
430
498
490
586
641
974
351
815
678
622
12
468
163
926
750
527
803
185
310
419
100
87
464
927
125
276
221
133
434
503
693
523
932
448
651
585
985
541
72
876
582
917
390
381
297
212
762
742
389
273
679
409
159
222
890
862
978
337
2
379
145
684
86
406
396
259
44
502
578
81
736
415
342
355
727
893
789
702
337
434
929
653
79
171
737
840
143
604
471
910
936
107
713
560
184
538
589
25
780
402
407
408
141
69
705
355
894
254
535
889
231
46
124
780
327
327
617
240
653
323
863
143
757
230
730
747
795
737
827
299
699
732
320
634
340
222
967
796
760
365
352
773
41
978
378
777
503
410
709
349
947
145
699
853
942
837
705
953
301
37
922
38
590
787
84
436
812
739
655
694
873
971
917
977
201
902
910
434
627
8
373
594
864
678
544
313
640
597
542
391
924
960
973
395
709
507
592
524
548
27
113
525
780
669
90
363
190
976
699
0
930
620
831
231
347
805
462
467
3
564
269
367
460
34
100
921
257
682
657
172
177
921
178
962
444
702
127
151
386
574
273
392
846
856
692
553
179
892
329
659
862
639
99
220
73
8
450
896
435
483
482
952
638
523
711
813
827
160
671
331
476
82
660
192
811
179
753
676
717
260
517
427
515
105
370
384
711
171
190
736
855
929
663
529
705
958
858
84
96
253
489
719
457
901
639
178
411
169
937
20
155
34
686
773
736
623
75
530
949
238
512
315
868
419
183
73
728
561
791
241
835
830
66
901
695
380
810
59
496
45
556
35
795
294
253
96
238
704
601
688
942
727
893
914
294
469
214
849
693
888
438
887
154
327
953
821
129
885
266
476
593
880
843
2
980
866
924
466
208
975
251
923
416
111
40
533
633
443
51
621
363
300
17
818
578
827
413
929
541
260
389
206
701
596
156
764
688
321
690
145
303
176
191
860
939
610
744
785
383
614
115
780
872
584
32
764
632
729
839
500
811
629
316
281
290
23
775
932
944
984
776
595
858
694
37
428
178
190
286
532
987
842
277
220
925
65
217
120
990
611
745
375
603
804
739
606
509
50
103
212
136
124
217
675
208
500
265
850
117
566
708
780
827
100
271
399
70
289
122
9
856
632
568
694
480
135
579
279
771
2
732
815
970
825
285
442
631
944
743
915
839
936
604
723
288
744
217
602
694
811
791
423
845
333
666
363
46
931
571
332
903
526
845
571
246
117
592
886
612
756
257
974
265
506
588
963
169
976
161
884
490
141
555
79
576
105
992
914
279
771
213
992
200
647
78
554
613
782
186
659
105
517
515
413
896
705
507
823
531
644
64
128
789
330
33
570
77
984
683
116
197
193
493
622
434
240
664
192
22
82
200
612
276
187
555
180
800
706
553
29
850
446
221
782
226
647
340
739
382
588
531
98
453
273
481
576
846
93
548
685
532
557
788
998
228
311
131
791
154
430
881
241
338
196
907
60
752
106
875
303
727
182
458
492
747
512
213
815
351
310
7
795
305
699
330
792
66
609
123
788
975
545
935
781
413
87
726
271
211
945
61
177
26
883
772
23
144
746
542
555
607
906
771
581
813
748
293
108
576
856
535
813
115
203
710
697
967
427
468
23
232
670
347
468
196
183
967
451
22
705
76
148
472
217
425
200
100
220
369
258
10
736
557
8
739
301
167
912
565
107
50
429
543
276
465
689
96
429
664
362
597
926
186
614
281
489
480
43
848
586
540
745
96
48
504
612
114
485
614
335
776
197
308
485
980
975
644
808
791
344
610
113
187
426
792
697
779
815
835
128
514
590
810
743
502
177
83
895
347
883
319
486
847
82
469
167
419
517
663
464
816
31
1000
155
688
709
573
12
239
405
42
710
457
668
469
823
102
418
186
690
385
368
107
138
759
531
414
72
641
343
797
696
179
181
891
706
832
493
967
432
353
585
49
667
550
325
303
285
774
648
564
395
482
301
559
200
436
955
152
564
937
437
871
268
303
127
995
813
927
304
964
169
279
58
455
115
299
226
651
94
805
862
625
442
1000
785
809
516
539
821
612
43
496
732
735
345
136
53
945
820
385
91
312
959
914
644
251
268
787
841
873
617
486
963
961
91
400
937
218
855
405
299
110
267
292
911
731
555
43
788
970
373
191
79
783
875
300
12
819
900
931
594
822
946
783
438
761
637
457
91
969
451
108
88
357
763
929
933
490
396
860
478
11
946
172
507
170
985
278
211
725
286
492
184
641
573
134
629
133
669
783
596
467
409
930
59
984
354
319
444
195
355
628
920
611
777
726
301
556
19
835
405
396
331
538
1
23
660
717
516
844
875
93
749
205
559
356
198
742
960
217
636
257
59
860
548
491
674
622
662
516
113
694
402
181
175
508
505
894
825
115
198
45
973
415
392
373
398
82
341
310
1
215
177
376
595
542
858
502
535
672
542
177
125
519
65
554
315
412
313
727
621
185
889
815
451
878
321
771
353
10
174
223
261
745
694
803
447
335
780
887
496
59
373
692
317
978
435
907
285
839
585
756
737
190
914
823
422
450
605
635
784
776
557
467
22
813
86
18
566
640
39
68
319
274
334
703
880
149
132
24
387
477
228
503
584
399
718
189
235
412
532
282
713
694
671
890
664
792
268
321
566
796
532
334
3
914
824
144
200
848
426
81
543
591
103
512
244
490
857
427
600
674
140
54
628
817
812
994
595
838
840
235
461
143
5
892
172
411
251
763
805
96
434
909
448
286
612
822
463
673
268
908
727
929
211
520
887
401
920
200
528
740
681
107
259
439
322
338
687
776
38
8
206
387
860
256
829
505
844
21
183
39
4
454
453
238
276
66
99
911
48
795
266
594
415
508
573
172
459
661
767
591
825
147
56
422
844
735
506
765
430
726
12
951
968
749
589
501
819
574
753
754
841
980
115
869
887
563
6
40
508
768
137
809
466
467
203
578
851
611
333
687
955
570
755
706
173
131
300
193
128
474
791
602
579
615
213
73
215
684
564
212
204
960
879
691
627
15
159
498
456
337
463
202
279
950
881
813
815
861
791
362
183
959
561
9
929
950
524
561
208
513
181
269
341
658
844
338
659
127
899
502
618
962
141
877
483
547
793
516
607
320
90
427
237
240
870
64
875
625
514
313
216
243
991
588
414
210
447
957
190
895
532
384
407
716
119
52
392
802
823
470
972
550
997
114
764
291
190
529
576
201
11
361
808
357
526
429
710
615
401
58
803
698
897
878
12
224
975
179
845
708
500
333
384
983
403
255
248
903
664
373
246
99
346
307
825
565
516
51
159
998
983
263
88
942
965
453
999
500
584
74
631
751
753
970
968
966
706
990
655
90
624
303
540
190
678
388
535
658
886
924
337
405
31
294
919
788
906
788
783
213
654
866
555
706
709
451
220
979
925
564
436
160
605
704
902
679
993
621
279
127
963
456
877
9
423
387
852
950
348
502
161
424
923
988
432
369
160
789
966
416
317
61
52
707
272
958
214
744
46
656
819
813
3
57
846
166
859
209
458
106
794
685
781
847
163
512
295
297
358
469
196
536
971
140
182
81
492
863
417
637
159
718
721
781
728
288
636
830
810
940
55
547
469
164
667
853
508
552
189
598
959
976
493
46
64
299
783
658
853
482
358
319
215
341
979
650
989
971
753
401
842
394
974
261
3
181
224
938
591
858
111
872
547
679
553
516
755
402
27
835
551
292
1000
615
130
164
390
269
368
137
345
145
287
431
229
526
485
975
711
518
876
221
338
272
903
741
450
903
82
832
573
561
510
503
626
269
180
931
706
304
583
496
414
981
838
277
118
434
404
728
495
668
125
540
890
448
475
210
373
615
595
868
351
752
317
535
695
152
613
690
691
442
547
490
340
11
424
737
948
309
183
832
328
318
665
285
742
599
907
664
363
660
665
100
250
402
492
276
514
53
302
334
324
865
633
773
86
939
71
185
977
761
439
411
810
322
118
31
675
682
979
827
104
695
438
221
431
2
486
296
240
890
154
595
865
42
351
201
792
646
366
368
476
157
720
533
922
454
674
931
896
149
195
425
395
833
151
971
10
330
680
898
413
231
843
569
523
468
144
105
653
145
666
811
467
422
977
209
21
348
289
707
884
800
994
392
357
248
338
983
911
655
121
855
683
836
667
873
787
656
913
757
507
102
154
672
184
232
619
450
55
823
278
186
604
394
948
868
547
97
835
411
211
329
319
887
82
54
164
17
361
675
962
899
575
840
315
950
878
290
724
208
878
558
461
773
297
718
354
198
845
869
773
305
802
407
920
917
494
897
228
825
227
556
791
746
188
333
460
688
278
322
564
379
398
156
12
237
893
375
916
938
509
499
585
759
49
19
28
605
179
820
260
222
56
149
830
456
267
687
406
561
394
76
550
858
965
607
617
131
331
459
528
110
914
521
530
237
278
61
681
289
249
612
752
180
796
62
911
921
374
658
326
291
656
323
551
220
984
556
781
376
565
826
753
950
547
183
166
248
352
917
582
43
196
247
495
303
139
189
591
446
189
661
899
705
567
857
634
774
31
306
314
994
30
146
83
892
276
64
87
934
87
52
365
884
627
357
314
505
264
183
831
870
769
765
160
464
53
761
265
506
744
549
853
54
116
321
209
849
556
459
713
480
580
637
331
562
527
694
863
539
93
987
519
909
492
163
651
74
583
873
108
140
929
103
537
730
282
802
487
936
13
993
497
178
139
183
507
38
733
671
92
262
770
33
212
79
176
237
3
347
576
58
228
607
714
708
867
298
411
799
938
478
332
474
723
158
561
433
54
948
195
352
991
577
448
310
193
513
165
962
887
466
729
202
416
308
139
19
372
79
397
812
308
4
840
369
973
389
180
417
68
663
244
194
370
18
291
563
615
139
770
498
530
451
959
478
863
586
562
559
623
30
149
97
219
519
507
270
596
150
21
923
101
29
326
310
610
432
686
89
356
298
830
662
463
102
190
819
426
257
515
765
275
415
526
935
749
229
364
689
301
823
385
291
111
832
1
202
855
503
232
415
699
801
620
396
780
386
570
444
426
77
587
468
760
72
930
156
911
550
876
526
832
158
789
621
986
64
681
27
346
753
337
619
118
933
739
33
606
45
519
331
847
807
540
890
332
210
714
87
644
370
300
811
227
425
764
505
69
456
683
335
93
546
97
804
758
919
163
355
161
664
411
482
339
614
721
905
549
81
983
77
294
518
333
756
828
786
323
617
585
677
915
328
196
818
621
94
220
456
249
476
170
458
900
920
16
673
329
44
263
572
848
497
194
824
729
699
537
717
963
126
5
872
394
867
263
81
498
108
983
714
205
694
716
425
587
221
390
96
735
497
893
878
171
536
286
265
411
899
821
265
189
957
149
124
522
199
523
745
595
17
509
538
881
964
383
931
620
721
172
205
366
575
889
504
503
347
235
86
628
476
444
851
257
323
352
992
813
968
177
470
204
279
668
40
448
364
853
916
97
983
736
792
559
245
61
855
198
635
374
209
5
471
207
935
375
728
558
501
160
467
319
815
951
847
255
481
724
897
100
893
865
917
389
119
237
868
194
114
566
864
967
289
815
578
1
613
27
430
436
888
779
383
13
647
355
960
738
121
168
952
140
746
782
396
899
865
230
249
959
834
926
48
208
191
912
148
753
26
181
446
58
328
322
322
950
674
745
615
776
692
562
44
548
669
187
113
905
234
691
266
266
140
817
965
224
723
796
393
687
419
551
614
691
736
235
18
584
442
928
363
224
338
331
612
460
692
906
517
34
848
680
508
856
1
320
879
807
159
289
710
590
612
597
996
532
966
401
121
673
602
197
250
341
207
752
11
316
688
772
551
57
796
844
424
294
691
937
141
945
251
122
885
286
793
736
943
180
344
23
412
802
584
591
605
315
385
479
196
117
630
574
710
197
376
944
386
920
384
979
331
556
691
140
832
956
192
186
96
961
406
421
322
587
717
366
785
797
698
283
568
897
540
641
42
820
359
649
154
631
770
707
48
491
640
38
649
281
413
594
116
599
890
821
941
742
639
56
429
570
646
49
656
784
806
522
296
277
984
953
145
892
905
133
712
738
732
626
294
511
366
408
161
754
7
772
748
217
563
678
412
620
466
41
114
145
389
510
564
531
169
488
639
730
953
278
706
537
280
358
913
721
802
770
672
12
444
202
879
321
807
993
420
386
340
110
782
237
94
383
168
798
569
742
625
205
384
647
227
738
597
540
773
21
575
357
647
630
294
950
122
396
524
719
900
185
183
15
623
288
562
666
456
429
45
578
427
943
775
697
237
179
672
326
536
556
112
541
574
587
919
641
395
348
181
377
321
321
324
837
789
150
7
629
590
444
666
979
820
129
745
956
715
574
496
781
782
90
684
229
966
1000
623
345
270
648
614
179
442
236
622
828
761
181
751
28
961
323
704
36
702
989
813
376
929
357
473
23
482
367
394
550
623
916
652
448
237
268
965
612
512
302
83
562
734
564
421
629
984
475
172
963
362
304
277
188
642
633
743
612
999
484
927
380
840
579
987
983
914
70
480
117
70
617
452
730
766
784
16
150
891
715
494
81
10
426
70
101
905
169
917
161
612
839
801
75
991
165
553
831
573
891
985
676
943
886
207
930
568
888
846
118
141
312
358
362
985
0
170
574
53
667
548
460
731
864
375
743
416
515
10
254
879
659
403
489
979
805
241
610
509
220
53
481
484
944
131
93
537
974
656
284
184
551
397
87
152
553
115
497
7
666
697
364
413
868
706
237
256
735
183
540
612
426
892
466
691
743
387
211
52
119
448
183
418
856
226
325
860
465
529
409
681
55
686
653
886
41
764
350
935
440
131
927
24
713
186
44
821
983
700
27
95
247
307
444
894
338
943
514
699
457
493
89
109
848
995
727
662
272
961
271
667
142
128
565
816
323
335
408
690
393
792
707
564
198
565
512
308
688
722
900
432
421
724
840
518
78
373
572
762
212
579
393
131
734
424
96
182
856
844
24
875
905
651
263
336
172
396
523
583
997
682
787
479
605
983
499
361
775
782
24
331
285
947
919
24
35
1
545
236
149
788
579
767
582
208
619
886
139
546
156
929
815
880
182
386
763
664
127
912
98
592
300
965
269
761
205
601
62
790
577
486
137
86
238
253
214
334
19
340
366
397
41
109
360
112
619
89
210
737
266
935
143
707
199
589
716
761
420
339
971
922
447
89
785
760
184
979
464
903
616
750
949
845
820
117
253
381
70
974
92
481
204
747
200
704
698
582
738
57
210
272
903
1
521
336
150
873
342
403
719
730
412
288
16
418
146
496
102
629
357
21
588
277
506
896
754
371
827
446
746
335
179
192
876
108
812
166
798
862
122
218
298
306
261
522
529
485
894
814
654
538
623
134
440
613
692
9
426
700
791
338
715
118
733
442
365
260
917
707
384
1000
151
666
922
392
661
466
478
726
151
395
321
995
449
606
954
285
761
945
301
421
850
542
919
768
703
596
779
683
77
948
334
134
865
11
505
687
958
466
417
657
815
855
505
828
738
648
939
928
256
846
392
205
705
793
460
222
462
776
191
73
121
264
432
689
853
281
896
832
881
53
467
900
205
564
483
603
505
335
93
281
674
882
114
930
109
418
680
256
601
131
871
866
48
958
700
925
516
520
873
678
5
416
515
650
447
446
988
563
414
927
354
393
520
508
345
210
464
933
71
752
457
569
491
641
917
982
783
472
734
327
881
339
290
131
542
208
355
389
157
952
239
806
486
418
522
408
361
338
283
713
839
898
379
547
181
511
162
681
566
743
341
532
558
343
70
902
829
653
755
894
589
690
343
12
554
347
415
84
901
341
461
318
544
987
936
15
742
736
131
525
28
43
713
780
949
159
270
351
953
227
486
894
281
436
731
243
183
11
420
60
368
189
211
702
312
624
441
953
901
842
755
169
446
729
444
944
83
788
454
493
527
220
604
669
960
523
525
319
303
287
33
620
836
589
188
938
771
310
693
884
318
29
549
131
394
993
874
715
338
376
39
527
255
227
911
465
219
552
960
246
135
684
175
804
569
924
102
24
909
798
765
831
322
975
468
377
277
129
561
545
605
73
823
984
879
745
958
343
118
537
387
625
735
285
836
204
767
313
304
350
481
737
948
101
699
559
524
203
2
748
606
374
387
707
450
577
435
314
778
860
643
961
271
775
187
750
165
173
26
350
265
222
809
352
752
27
372
133
637
358
836
821
61
966
176
837
212
943
524
314
415
122
714
781
192
872
615
575
651
351
676
36
568
543
37
443
228
230
993
259
577
714
77
370
992
836
70
233
249
579
312
963
134
732
651
158
112
219
494
97
669
871
438
643
910
669
823
384
646
556
345
437
699
64
60
48
680
526
688
609
819
900
262
584
208
578
501
200
105
308
74
493
938
681
708
117
369
77
436
651
20
670
677
904
798
328
947
553
687
337
990
674
24
450
873
810
130
837
446
276
831
279
167
513
330
962
602
877
610
905
394
826
586
997
166
841
460
80
462
953
788
857
663
555
147
691
468
111
670
179
129
640
388
876
882
274
526
709
375
283
204
675
303
801
852
983
392
163
443
286
365
623
507
694
589
111
522
740
673
64
814
563
597
340
403
549
626
677
424
882
479
963
575
569
805
39
812
96
129
730
91
830
979
44
118
483
787
678
395
577
676
819
295
234
618
43
204
353
902
254
140
787
28
688
994
160
369
378
206
831
84
340
396
722
924
7
374
880
736
263
860
631
697
98
333
932
835
214
175
522
716
111
332
431
604
972
113
939
499
959
729
703
160
796
930
631
386
671
42
829
583
142
862
926
524
997
419
948
350
728
81
417
901
667
610
167
181
59
967
256
261
30
613
513
395
840
648
140
849
32
841
767
140
476
991
671
768
916
736
332
199
929
332
792
857
705
330
311
938
346
435
652
287
679
313
826
554
687
883
701
359
872
294
420
944
217
686
469
813
833
271
157
346
901
183
583
277
849
128
998
978
757
781
52
239
302
292
959
65
229
83
943
261
127
89
537
669
468
30
43
869
358
436
785
423
875
747
588
895
34
327
588
545
629
114
249
83
400
969
48
500
95
283
359
937
257
981
152
921
66
696
573
180
884
185
67
255
612
775
526
266
34
791
999
136
36
193
743
137
312
301
462
677
386
427
365
122
617
675
61
501
57
464
563
822
431
953
413
338
552
870
505
250
726
336
166
857
260
360
370
964
953
937
853
27
141
306
29
794
339
364
816
405
958
29
235
899
807
657
986
832
338
15
290
266
560
56
53
801
788
333
416
479
339
330
425
971
877
565
546
22
930
251
786
769
226
406
409
81
976
228
238
619
89
310
36
33
828
0
644
201
48
481
291
107
800
357
880
327
310
756
30
707
729
550
569
186
792
251
823
605
422
284
382
989
392
437
288
40
659
490
679
220
474
489
59
363
766
702
673
321
371
752
988
718
391
901
317
181
56
340
869
0
997
516
915
894
514
253
511
399
493
597
189
481
170
687
651
60
508
736
80
164
456
69
579
82
937
10
675
684
100
294
67
99
388
34
92
216
721
200
297
724
404
80
227
274
983
786
970
47
873
107
605
471
908
343
90
800
961
278
367
78
266
853
122
32
864
230
196
568
956
573
158
194
773
505
870
555
698
817
990
1
807
682
568
257
802
318
730
228
102
378
820
421
48
663
600
20
261
240
794
429
901
306
996
816
292
390
214
210
308
720
132
897
305
603
784
0
157
593
94
494
167
202
276
430
939
693
249
529
789
684
474
743
177
453
102
366
554
267
384
589
542
550
682
742
261
232
88
373
465
674
436
817
473
655
2
289
639
554
418
375
964
662
587
381
880
179
162
450
927
147
259
910
72
211
108
640
80
411
872
182
157
387
134
656
972
592
286
843
791
976
638
680
407
25
769
884
308
769
777
969
887
526
271
382
777
725
269
726
335
995
754
700
403
206
752
359
189
678
646
606
773
268
359
595
50
369
413
721
235
351
207
390
747
648
347
619
268
490
149
169
846
322
903
596
313
451
979
777
699
1000
210
22
169
655
631
102
193
37
202
560
375
704
572
215
924
31
229
161
841
286
390
234
595
477
780
267
735
88
894
59
968
450
542
999
245
206
685
951
710
592
844
468
649
718
176
771
882
148
626
218
256
213
551
216
614
292
335
248
192
935
498
184
776
611
21
575
528
111
145
720
785
870
62
710
244
134
450
686
451
955
60
459
14
809
320
711
770
818
544
267
947
656
917
163
477
74
318
254
959
670
25
817
704
193
347
8
229
810
745
356
773
947
81
956
557
403
36
141
770
380
670
250
201
562
197
366
265
713
329
470
214
564
731
150
125
835
472
696
676
243
271
802
621
308
729
974
268
236
699
967
425
524
263
257
629
815
774
138
700
818
768
794
180
590
586
992
749
875
499
93
392
787
427
280
550
503
332
712
266
924
695
206
857
540
367
813
377
955
475
917
124
225
843
785
946
129
305
849
116
81
718
455
331
641
734
143
483
738
773
32
879
672
67
181
24
469
49
635
532
637
784
231
512
517
314
406
809
738
259
115
871
500
236
905
716
916
900
41
918
175
895
733
904
63
248
774
993
95
193
577
390
367
572
589
414
230
169
19
539
290
947
900
232
657
922
557
707
306
228
660
190
254
626
804
553
796
64
165
399
159
648
957
981
560
634
115
689
175
953
716
378
44
781
459
258
298
398
929
676
357
943
775
477
160
386
636
566
683
258
837
722
205
342
756
543
685
624
976
299
648
491
250
242
634
572
24
580
446
842
468
934
789
187
933
529
768
620
349
834
182
966
833
749
734
171
150
992
387
645
97
576
160
373
42
788
810
781
924
200
605
188
554
57
641
231
244
198
20
57
198
509
72
446
495
163
724
847
722
978
632
397
36
633
767
944
447
875
171
996
44
164
762
395
23
36
598
0
647
650
553
189
632
161
776
410
995
168
434
837
509
889
558
767
850
950
209
837
12
305
436
726
46
622
651
179
325
334
930
810
849
417
746
528
33
358
93
902
272
596
75
634
219
525
95
765
895
846
506
708
216
886
226
871
680
827
753
73
159
883
550
366
118
605
992
873
451
344
679
675
95
857
400
756
224
158
877
321
885
686
424
502
677
361
488
248
730
77
32
576
365
822
222
561
822
632
900
46
391
839
34
82
266
932
849
3
92
61
327
494
774
734
948
656
264
155
811
274
