41
449
328
474
150
709
467
329
936
440
700
117
258
811
952
491
993
931
823
431
359
590
899
153
292
370
404
698
699
876
442
705
757
527
868
893
642
273
18
885
675
788
291
303
656
660
126
704
225
862
522
617
630
725
17
847
715
732
502
778
304
32
168
841
288
76
31
934
245
626
419
782
875
723
346
335
992
70
369
545
610
611
60
935
738
829
962
369
918
282
928
407
602
312
532
517
102
80
907
525
829
84
635
629
682
921
964
304
642
364
16
717
898
53
264
824
751
558
92
496
963
277
152
618
333
743
632
559
27
40
323
149
925
703
953
427
76
161
990
326
442
275
726
373
931
901
177
749
197
570
416
922
479
17
397
139
900
559
744
654
393
353
597
517
527
477
568
37
599
326
281
806
365
9
592
998
321
176
649
460
273
730
53
998
392
911
894
785
109
467
725
879
624
461
790
419
296
611
791
505
295
609
917
434
580
244
503
525
776
273
218
998
839
577
975
670
192
465
90
329
493
586
285
494
441
175
445
612
560
777
784
266
570
778
982
130
452
599
520
280
32
155
172
628
951
185
796
866
137
500
186
632
248
35
308
624
336
882
857
405
840
122
821
415
860
967
312
633
11
694
554
448
865
365
70
702
598
508
983
843
844
674
388
780
240
407
998
575
158
275
61
395
589
734
823
902
165
152
696
172
957
298
366
664
404
545
431
533
434
503
115
42
697
750
123
411
263
971
671
517
527
420
847
937
193
172
294
396
258
89
464
266
443
709
96
690
285
651
781
251
309
331
154
33
912
798
831
925
309
729
293
539
623
955
481
140
173
202
122
159
530
430
162
456
32
638
266
413
236
4
128
481
741
629
173
305
470
995
166
4
769
896
941
384
192
622
451
410
305
799
305
849
348
139
822
42
480
269
511
169
756
238
762
666
175
972
99
472
184
620
798
95
497
623
542
923
12
943
48
167
973
405
488
566
703
18
484
142
205
255
51
893
168
352
391
944
256
141
235
803
692
735
878
663
278
538
140
681
693
603
992
123
550
673
636
276
354
444
674
571
828
459
17
436
98
129
798
69
29
925
1
753
138
295
567
197
31
736
157
104
875
69
536
484
548
460
623
602
624
897
398
492
896
948
123
572
734
248
185
493
263
252
196
108
25
306
983
741
405
522
132
499
761
910
158
742
936
831
644
816
870
696
940
561
357
995
466
199
32
433
301
748
338
322
471
103
92
873
782
828
446
406
981
357
386
534
80
676
823
324
66
321
805
471
536
193
625
348
518
344
308
248
846
332
884
9
588
102
705
678
574
17
399
105
205
561
553
924
274
826
41
946
581
705
648
956
436
355
510
961
605
481
911
624
57
826
671
926
221
120
731
505
719
155
438
808
218
853
625
903
190
752
827
381
257
679
181
722
636
508
551
992
166
680
956
538
866
300
399
625
836
831
129
451
584
847
404
646
751
425
268
661
30
304
875
52
806
610
16
918
84
665
156
808
20
462
657
71
478
587
965
130
334
295
633
714
22
247
335
751
181
598
239
169
475
826
752
588
263
992
532
527
536
596
461
512
103
209
786
145
581
71
195
675
205
969
799
596
369
744
668
402
1000
80
65
768
483
946
281
824
572
503
200
641
701
361
1
149
462
222
152
517
612
893
584
698
787
223
750
180
971
538
303
411
77
236
571
635
969
847
891
64
524
684
529
660
768
247
511
972
261
929
863
522
222
483
290
843
592
295
111
448
125
62
542
734
872
86
409
524
589
943
1
560
28
522
322
86
941
625
387
437
44
677
587
331
608
28
200
757
925
868
132
690
942
831
409
595
748
40
532
763
17
194
170
31
844
604
213
733
904
356
225
742
940
941
295
694
386
4
335
971
527
487
566
506
947
319
67
896
126
165
927
47
406
592
147
405
372
699
606
783
356
63
549
20
722
112
784
989
248
646
913
808
462
354
995
130
212
824
611
9
605
182
671
649
657
613
883
343
395
439
995
255
211
449
287
618
277
242
148
113
305
209
82
4
171
59
297
842
26
131
330
249
892
673
614
883
888
558
461
924
281
640
644
218
397
917
828
350
875
239
990
597
948
974
924
772
478
380
653
288
692
584
710
933
18
404
430
228
496
952
956
487
514
244
913
841
58
686
958
238
102
199
531
808
312
36
182
259
54
953
69
690
460
750
372
786
926
535
97
678
93
873
50
788
954
114
927
661
87
999
929
775
722
342
28
159
754
193
66
884
953
70
322
845
127
281
136
805
667
614
622
596
306
689
682
50
106
237
641
527
653
857
392
397
818
810
509
699
638
58
654
945
339
681
15
651
707
58
280
395
885
844
107
918
713
731
395
504
802
256
309
597
876
283
458
11
115
604
90
783
80
533
278
272
967
123
53
320
694
248
484
699
126
84
423
951
698
675
989
51
244
472
220
397
891
856
642
466
458
175
455
607
146
10
145
374
24
922
637
429
596
777
94
803
263
586
271
779
334
428
869
540
287
571
754
558
314
379
387
878
803
838
790
206
445
909
658
229
496
930
531
132
137
654
655
792
339
723
382
123
706
920
167
550
630
636
60
491
510
475
600
508
221
558
905
455
538
934
147
494
537
452
330
892
322
319
903
900
718
320
319
277
381
629
684
136
560
930
116
503
324
995
321
621
636
961
583
538
262
78
143
355
624
186
867
803
368
565
243
626
145
801
943
579
940
269
411
560
802
578
200
419
614
607
53
157
877
58
496
270
676
564
574
148
141
951
331
5
242
407
482
412
744
771
880
529
178
366
480
759
874
363
888
227
456
474
966
795
96
522
556
780
580
165
567
943
327
754
479
11
661
416
415
907
753
962
384
411
907
206
748
408
199
457
315
958
940
780
158
682
356
675
766
504
526
944
444
16
265
196
302
374
555
922
711
965
997
762
211
80
150
833
471
917
320
480
658
954
632
527
662
646
37
970
164
776
812
720
397
856
687
595
685
16
397
540
499
178
208
213
417
292
479
842
103
109
627
121
181
453
854
681
438
247
696
774
616
447
952
808
877
414
172
864
745
702
350
380
574
815
235
15
147
579
149
325
30
279
154
47
919
478
669
496
646
256
206
851
758
265
740
602
468
121
416
836
698
500
853
841
928
880
248
728
586
580
430
659
37
724
787
258
470
416
359
43
579
385
826
352
317
22
920
463
421
817
760
734
791
588
826
871
951
321
323
358
213
773
602
243
636
415
526
201
261
494
220
622
994
815
189
84
793
618
514
832
450
605
862
173
835
981
672
915
763
556
919
512
337
474
899
503
475
533
485
187
224
987
559
819
839
466
783
511
509
787
763
379
197
536
557
953
941
268
73
173
619
476
813
245
771
576
565
148
398
463
159
446
912
63
370
982
940
198
471
485
355
575
182
62
709
599
0
733
45
878
132
667
703
913
427
739
950
807
860
386
445
595
894
597
116
676
189
5
373
552
233
514
990
662
241
864
224
520
727
93
592
78
289
907
663
168
566
33
550
738
994
706
57
993
676
652
726
879
773
550
90
595
166
232
900
507
158
50
180
968
914
742
646
976
142
430
546
491
615
887
869
776
454
890
138
663
82
806
923
831
620
26
236
543
478
195
134
939
160
386
150
81
62
38
511
252
566
57
862
126
607
916
443
170
946
476
726
143
330
852
192
265
981
405
888
351
494
878
779
624
224
185
699
473
315
532
320
428
184
637
254
734
159
392
639
478
452
26
585
856
224
766
317
491
851
409
53
443
183
84
744
806
279
255
996
431
932
97
300
126
365
773
830
974
62
244
916
625
642
860
145
219
743
652
907
653
444
787
937
185
835
337
711
563
530
222
467
246
549
329
180
283
697
92
625
448
165
527
972
110
463
377
239
864
655
797
340
2
986
311
142
416
649
282
189
552
932
204
144
148
393
681
990
671
514
774
79
967
958
950
596
11
610
681
159
889
903
85
90
366
184
774
472
180
408
690
253
798
388
79
318
577
330
260
379
431
163
493
356
810
46
405
145
241
258
689
866
337
280
587
665
406
761
994
394
996
542
520
8
367
348
276
616
178
80
568
977
751
473
209
492
465
418
650
743
82
69
76
512
191
961
760
868
98
653
340
571
53
64
854
390
700
948
248
189
67
740
23
500
921
756
643
247
627
909
93
341
863
713
809
655
968
437
720
67
784
546
147
597
815
898
430
368
541
863
941
59
835
787
171
498
70
335
64
49
462
733
538
454
749
78
872
312
61
377
707
933
646
137
565
469
151
287
377
209
8
991
118
444
744
18
742
21
905
488
239
993
341
694
705
633
277
332
747
166
874
298
618
958
175
76
767
643
673
649
745
9
998
972
35
227
63
409
799
686
232
32
222
632
846
765
440
991
26
593
466
302
273
302
534
672
967
556
686
242
928
192
442
163
566
932
974
755
1
249
115
464
169
4
86
923
760
978
776
938
947
991
86
796
543
667
131
639
456
986
542
584
204
830
830
365
555
7
235
773
709
477
597
570
203
186
669
752
343
272
341
714
562
404
422
592
495
725
7
781
122
993
47
390
730
264
863
607
642
819
675
221
337
144
268
308
131
580
619
203
58
703
950
328
704
195
574
101
828
983
416
787
608
745
469
311
942
107
683
177
609
201
907
711
450
889
345
283
852
728
552
25
579
176
68
354
105
735
402
660
767
267
265
647
806
101
94
725
10
87
557
727
77
536
773
44
880
785
429
134
576
861
902
163
46
711
764
456
11
348
321
274
952
49
588
177
772
459
236
879
50
46
671
878
979
152
461
694
133
436
985
62
616
486
594
964
811
707
815
804
569
375
970
880
22
917
810
229
342
700
699
482
116
677
338
876
613
395
389
794
659
149
927
97
391
858
371
234
162
679
861
661
702
163
544
344
32
570
804
217
458
393
841
176
532
50
526
472
588
90
999
209
172
18
30
569
628
449
942
448
396
520
933
793
968
546
524
464
36
561
777
385
897
443
307
266
766
354
123
774
618
546
282
937
66
582
255
308
893
480
93
746
216
712
247
592
972
308
620
235
28
350
649
479
277
651
972
993
553
418
879
129
991
349
726
172
676
165
158
38
326
918
846
462
329
376
882
950
685
41
360
53
477
453
671
74
58
149
526
521
42
130
727
242
834
36
104
41
337
533
745
452
702
741
504
864
384
488
96
325
654
25
30
508
57
562
809
841
5
233
890
483
646
552
462
589
847
159
215
601
326
772
147
604
841
881
661
884
234
401
751
3
264
816
674
860
914
686
891
685
256
738
65
379
926
594
65
1
101
15
613
575
129
612
153
845
401
283
403
652
472
584
151
40
211
453
623
824
606
10
870
608
254
981
754
171
444
282
643
285
977
120
405
882
701
634
675
561
879
638
637
227
366
619
733
582
824
192
496
256
221
40
413
175
551
761
268
283
972
492
955
136
690
530
459
106
205
533
810
435
611
384
757
71
923
471
584
548
475
568
142
739
528
663
518
455
534
893
355
744
747
745
418
223
36
726
399
31
747
383
518
246
774
177
921
107
86
687
183
681
644
595
491
989
233
876
636
138
901
669
845
573
424
411
575
103
442
730
136
839
430
376
944
806
382
688
837
923
278
195
666
762
645
38
437
917
781
795
74
422
720
603
589
458
188
506
153
572
849
782
872
436
40
815
355
958
26
64
501
36
386
834
558
662
370
613
957
634
88
179
63
64
367
219
668
751
370
100
477
253
832
398
562
869
832
855
414
640
869
472
873
901
244
229
40
758
816
842
518
915
749
109
224
653
323
318
981
735
301
969
583
336
70
48
925
113
265
824
700
560
708
24
994
896
155
716
684
520
19
936
84
201
91
839
833
809
643
391
182
626
258
675
841
40
760
478
227
871
539
579
184
254
119
114
400
69
364
149
716
451
922
117
703
395
653
676
554
718
956
673
954
834
987
430
70
684
993
122
498
980
263
942
229
821
51
619
651
667
119
828
18
883
239
622
909
64
912
841
711
598
524
943
732
700
439
88
217
818
436
222
787
208
314
262
115
863
23
158
856
597
79
898
864
917
58
371
1
179
82
403
750
762
392
667
771
704
776
825
881
621
67
707
165
522
981
64
987
606
394
575
355
230
640
90
915
481
42
360
93
436
588
809
304
288
970
323
554
783
628
457
788
774
232
46
996
817
552
987
434
782
629
984
305
74
933
49
491
804
691
742
527
666
790
359
132
824
243
139
589
339
569
186
113
50
587
929
395
656
732
988
383
948
235
720
357
98
502
1000
567
941
78
475
934
426
789
997
382
841
39
86
464
377
644
530
366
260
624
260
507
532
751
464
471
697
90
865
449
936
364
548
506
453
384
472
496
412
363
248
388
579
20
356
466
160
634
918
503
509
208
489
760
870
727
606
463
714
646
514
276
152
536
681
64
258
361
656
625
42
289
23
344
375
427
151
436
822
733
893
606
732
246
751
77
290
304
40
984
453
192
713
823
979
448
234
917
780
602
699
20
345
289
610
100
333
600
157
766
956
135
848
679
634
752
988
200
79
544
451
373
933
860
786
361
374
264
423
129
532
538
490
934
865
288
145
429
118
458
70
342
824
980
293
585
276
574
829
96
455
975
430
303
470
352
274
392
165
93
315
895
594
440
931
846
21
422
882
960
964
492
543
810
882
342
380
374
225
140
653
552
302
865
684
158
474
214
732
232
644
45
89
588
284
625
404
53
164
560
718
508
662
296
765
364
988
570
583
485
612
715
380
584
700
893
241
922
595
91
458
694
294
375
837
447
810
569
776
820
840
248
134
282
42
307
146
225
461
418
549
219
392
666
350
21
659
268
304
229
838
206
974
140
474
872
968
896
880
532
455
753
523
773
259
615
496
533
315
108
21
117
246
591
826
672
450
929
122
83
925
169
510
91
542
693
796
469
271
217
503
613
271
689
357
623
804
758
713
822
174
541
114
366
286
948
200
515
781
181
697
699
4
895
687
645
177
967
745
367
920
880
47
747
598
489
947
231
126
619
212
861
112
550
794
338
132
85
372
552
455
151
925
414
826
274
534
608
905
925
1
181
195
743
854
241
290
300
765
502
433
970
545
647
261
445
366
617
627
926
22
979
806
234
538
737
784
302
255
27
701
964
440
525
234
527
150
445
155
294
280
75
309
25
299
75
974
31
11
52
727
782
604
830
441
377
676
911
656
362
616
323
87
826
605
955
551
666
672
550
810
399
92
269
722
870
419
293
142
933
371
172
504
886
394
980
658
755
199
593
804
229
678
957
5
749
704
233
774
661
449
113
819
833
266
874
958
971
617
872
348
263
14
240
881
862
974
878
294
625
843
439
498
130
335
759
205
992
142
596
914
994
872
3
498
569
530
147
211
248
905
901
186
429
182
197
687
458
219
74
405
211
66
579
859
619
984
135
654
573
520
219
828
741
569
928
645
401
14
294
796
220
122
574
996
589
776
986
340
610
305
698
324
285
996
290
594
439
378
331
65
62
839
16
491
899
264
432
332
821
842
990
870
323
410
451
865
460
426
224
637
641
502
185
808
912
687
378
582
986
41
165
636
54
31
107
522
856
978
903
589
665
268
112
710
383
940
876
629
983
899
4
959
738
848
870
418
644
600
329
24
516
325
826
45
901
228
554
860
389
294
34
717
266
748
17
972
148
712
821
76
184
420
890
861
271
412
868
200
325
918
97
767
739
615
280
251
710
223
891
616
198
567
156
974
449
136
998
690
491
27
838
536
788
355
647
218
266
892
662
887
558
225
583
238
222
125
395
424
145
7
120
962
372
242
642
893
857
13
85
484
941
484
785
292
864
792
989
288
876
485
45
548
761
305
153
45
189
839
817
223
892
239
457
502
124
65
233
225
889
96
252
356
415
243
153
638
978
220
98
706
906
688
179
145
315
339
917
111
519
95
825
581
393
506
788
637
855
817
719
734
234
564
945
684
490
766
218
616
187
328
894
221
555
92
272
449
687
971
390
477
748
477
745
382
115
62
269
939
89
102
517
665
811
259
548
963
660
76
620
750
367
732
973
435
677
57
899
710
303
510
93
827
269
921
533
55
814
890
732
564
9
564
94
748
616
958
921
537
279
232
103
48
416
715
667
62
43
772
208
399
676
933
753
695
929
399
930
452
0
839
481
317
185
672
21
985
879
365
657
130
360
120
459
529
460
228
986
727
289
456
190
997
279
940
772
995
698
446
304
229
475
487
762
584
580
664
971
336
113
120
28
584
833
660
846
960
709
947
677
639
705
425
673
467
669
840
555
227
673
633
75
998
797
815
821
662
605
872
659
772
124
526
514
850
284
599
732
57
334
682
958
594
765
498
794
51
895
462
449
64
136
91
27
378
811
731
316
904
2
927
175
478
207
347
593
262
897
985
426
83
592
707
988
826
804
323
325
414
766
712
7
501
761
48
784
477
122
606
911
835
436
227
180
185
477
483
157
5
38
634
603
989
701
697
869
888
814
110
81
25
908
280
520
646
343
704
15
411
888
948
941
834
755
266
174
576
275
297
101
643
997
720
985
527
225
521
969
716
440
369
719
308
909
198
690
516
338
410
24
250
493
460
745
125
668
835
496
79
233
82
258
852
656
185
662
141
166
982
803
828
986
909
262
964
706
226
218
451
383
231
423
76
876
306
340
582
274
759
797
873
269
797
671
161
350
538
32
288
134
545
152
182
613
835
43
645
934
789
281
435
979
586
398
984
262
523
948
660
595
691
358
614
323
330
589
480
8
111
337
435
441
875
476
794
198
82
237
17
45
504
467
564
14
726
770
282
372
134
792
460
304
584
508
241
831
239
260
360
11
9
181
738
478
565
705
54
687
622
589
494
517
396
362
51
565
872
138
297
947
40
774
197
204
423
414
642
778
807
349
410
864
636
955
157
132
613
238
740
0
985
952
233
846
948
499
960
566
136
208
305
281
865
2
204
16
287
610
452
175
449
253
677
197
14
942
610
47
474
156
471
659
266
14
615
760
40
143
998
139
870
318
124
163
630
320
395
322
24
942
322
791
784
312
527
828
881
207
759
687
536
275
782
839
333
307
26
332
757
975
721
532
44
54
790
935
559
780
596
153
47
93
382
416
88
605
444
963
593
188
11
738
589
881
260
633
142
403
341
867
842
672
803
380
610
169
822
163
804
107
747
669
595
590
244
130
842
149
290
935
806
893
525
445
617
200
404
262
951
512
913
688
503
124
560
242
135
460
749
502
916
34
372
152
941
527
270
34
450
171
572
260
683
168
205
74
271
672
825
604
48
415
639
145
348
425
895
66
961
295
585
566
175
496
644
71
658
108
833
990
989
898
116
319
4
968
908
914
930
466
721
189
556
204
838
139
652
875
87
190
254
681
826
51
999
104
580
757
882
108
522
142
461
703
129
144
325
287
767
481
104
696
199
940
625
341
107
65
679
716
536
608
953
930
242
885
259
476
846
723
46
144
675
400
68
227
463
956
230
494
930
641
976
419
953
432
237
594
54
606
37
192
753
970
821
664
562
281
502
902
691
874
416
935
378
220
678
789
554
832
665
526
227
485
448
692
317
637
141
102
240
465
854
490
627
315
188
142
255
475
670
674
8
240
286
242
462
291
824
176
483
509
75
163
774
865
830
778
215
175
448
315
240
843
863
2
164
810
417
666
72
994
963
498
280
39
252
202
978
117
764
652
917
378
5
24
425
714
357
353
477
61
767
786
373
754
522
327
959
69
698
905
716
853
184
80
628
83
738
521
251
961
630
681
900
219
766
38
259
194
465
360
991
966
540
109
179
238
696
536
508
570
255
368
899
623
340
69
291
368
937
480
562
842
11
674
124
469
758
765
362
225
252
683
81
947
506
519
472
563
438
172
429
179
614
346
84
634
890
320
359
812
133
995
733
335
698
513
600
220
156
76
305
810
485
413
131
986
968
818
284
549
739
454
658
949
124
26
686
502
699
425
35
662
649
760
536
243
613
549
512
956
963
152
140
177
655
847
431
924
262
387
398
303
516
339
304
56
438
171
925
71
562
386
432
147
100
575
494
184
404
343
836
282
474
809
199
848
862
489
120
786
554
444
340
429
90
254
63
71
503
588
710
535
470
739
249
563
935
344
876
802
860
661
988
259
291
433
27
97
458
847
456
725
571
48
384
813
243
303
9
481
567
717
963
47
81
166
33
181
632
278
697
967
225
474
230
276
575
459
391
490
670
836
809
547
546
96
23
633
688
329
69
165
441
309
351
53
984
85
979
343
237
695
720
366
415
229
150
436
787
217
597
878
714
112
929
716
70
59
763
560
803
114
811
128
501
217
25
283
431
123
127
104
357
751
192
447
272
577
507
969
685
86
169
343
412
271
681
820
503
513
589
816
631
178
389
826
154
606
885
492
405
641
431
646
368
645
841
945
837
110
910
966
592
281
380
46
313
912
45
631
32
607
500
117
415
983
868
42
373
8
574
192
757
411
635
538
741
743
406
822
551
424
818
968
394
121
718
382
898
778
852
48
144
65
980
469
591
195
368
15
694
265
957
919
63
947
183
8
242
922
846
122
786
790
69
905
277
236
950
292
310
880
575
363
624
717
725
426
262
221
447
106
950
324
437
494
305
493
315
410
675
166
661
121
642
951
886
570
459
625
589
950
628
172
805
520
820
228
713
509
932
142
720
596
273
705
107
502
390
975
442
544
670
562
508
644
86
857
333
940
988
593
838
610
594
815
716
118
115
577
136
321
832
777
710
893
362
767
73
73
692
522
295
73
155
36
383
275
552
930
596
117
207
553
439
757
413
438
126
415
721
109
203
694
591
149
791
58
210
443
452
574
450
2
518
318
94
560
702
623
134
63
504
391
27
491
883
425
955
616
237
55
145
744
335
745
38
492
451
548
111
38
578
181
164
225
600
988
279
737
423
316
391
562
205
644
126
969
614
144
756
658
566
548
198
711
234
146
402
244
293
734
452
164
533
569
203
206
884
710
62
746
932
538
753
733
757
209
541
913
86
263
813
552
807
379
250
875
817
799
636
314
301
852
595
7
410
434
868
963
355
977
306
811
945
436
373
355
332
19
75
564
239
89
995
284
238
101
973
141
484
153
567
556
573
850
52
123
994
25
184
924
851
727
489
53
338
239
338
883
425
716
98
263
551
18
425
786
989
719
67
790
913
156
10
291
56
745
579
377
134
349
50
256
320
763
864
376
267
669
401
244
703
12
278
400
662
935
101
929
362
359
599
140
735
837
920
582
79
2
489
739
846
906
90
66
361
540
714
579
898
471
715
838
417
598
844
259
14
747
214
587
451
71
397
147
591
922
444
900
348
743
666
14
209
279
327
465
152
172
682
979
612
944
158
267
467
494
327
171
537
653
151
44
789
768
328
813
872
219
663
717
421
949
550
58
999
279
248
707
255
424
651
522
278
347
543
347
68
173
819
570
109
343
703
590
228
541
349
504
714
33
322
451
971
521
886
622
995
740
211
581
610
926
124
734
508
290
550
95
349
232
712
201
418
59
382
715
2
877
717
164
472
689
364
724
313
754
713
237
464
48
827
20
741
755
111
978
457
346
116
2
286
661
696
913
573
68
576
857
988
387
987
46
247
64
663
894
86
859
636
803
420
349
581
964
820
850
185
924
439
640
51
766
235
99
25
656
224
658
132
922
117
869
749
36
420
531
757
997
837
911
294
59
623
812
153
552
129
70
10
880
574
318
361
289
405
849
517
693
507
611
829
759
764
713
685
65
55
484
853
805
960
168
153
791
845
359
421
135
806
402
757
195
935
553
245
949
380
598
21
125
37
526
374
482
619
26
512
168
498
606
145
32
968
280
714
413
280
472
926
269
363
12
423
589
134
7
837
61
598
957
689
892
915
232
144
91
755
780
980
485
839
601
173
130
752
757
569
921
198
387
876
454
695
936
305
827
212
429
403
682
139
129
763
36
249
375
712
114
358
63
195
197
650
198
730
227
53
559
82
614
817
364
677
188
547
120
263
40
12
528
203
806
935
36
519
649
899
92
48
757
995
424
772
594
725
884
10
450
728
773
916
163
838
949
928
914
512
645
457
938
332
566
368
637
767
195
268
452
675
812
854
432
817
264
150
332
129
432
611
341
542
875
821
814
242
184
632
14
359
770
607
64
981
93
755
377
324
42
150
476
196
717
697
22
886
644
334
847
415
640
117
444
315
259
58
384
962
398
723
138
648
619
472
807
984
156
885
115
148
404
867
329
766
281
138
620
112
809
96
945
615
593
990
506
779
187
244
533
203
471
328
819
376
234
369
124
646
83
682
732
365
293
889
985
439
264
876
787
994
335
569
268
508
605
145
956
778
364
765
22
660
250
243
854
597
315
448
81
490
968
797
523
9
52
782
729
280
921
67
293
198
248
121
38
624
806
435
483
742
358
832
189
240
660
724
514
805
685
625
316
782
713
279
253
966
476
143
950
100
527
743
849
984
701
482
47
235
820
376
931
12
660
430
209
130
123
634
215
16
824
380
41
540
193
111
162
235
482
135
345
931
647
451
637
720
764
678
456
100
826
150
403
513
616
371
834
998
81
355
908
956
131
23
575
527
360
471
164
932
175
955
982
813
397
85
578
893
636
506
473
459
20
931
949
814
28
27
650
730
268
142
950
665
868
897
806
458
130
674
440
815
992
888
237
6
595
527
267
367
170
856
938
563
571
232
291
69
555
75
352
223
171
447
440
566
214
906
731
857
239
289
318
229
815
996
327
48
403
795
772
388
875
648
735
881
250
827
689
79
514
484
945
124
303
650
682
934
6
992
918
934
179
492
393
634
185
161
836
692
212
634
633
785
383
106
854
160
798
621
279
492
139
525
533
826
730
534
920
418
207
186
512
176
730
922
201
134
242
307
392
174
703
660
331
768
516
545
122
364
241
716
732
73
793
33
62
937
745
137
137
317
963
27
760
24
165
145
957
683
569
916
731
274
842
744
84
927
218
47
945
204
631
147
129
495
492
142
791
81
193
577
788
248
16
411
485
727
46
663
403
349
881
33
157
193
88
99
788
966
825
998
825
875
303
615
288
487
645
811
606
363
946
488
472
472
827
0
348
952
488
641
168
582
543
7
84
940
456
196
72
173
592
605
315
580
354
279
970
423
578
35
176
635
628
376
322
102
917
288
850
647
568
175
145
680
314
746
498
208
717
639
777
751
165
645
866
10
905
174
670
55
746
845
542
231
421
211
412
158
791
537
329
242
445
825
435
585
344
928
489
238
400
229
946
745
583
394
707
600
93
322
564
990
256
361
314
499
734
627
493
453
813
100
701
178
773
281
77
562
967
587
190
220
852
698
831
320
272
756
700
267
353
147
825
206
610
740
209
266
791
188
317
502
474
367
983
116
965
702
58
49
375
266
372
92
648
181
155
491
580
871
490
413
870
742
306
805
491
965
518
581
46
393
845
877
449
24
502
726
246
643
626
67
686
599
846
69
651
536
114
444
509
235
353
714
118
921
595
468
179
524
105
31
38
403
710
527
805
854
691
897
343
119
709
492
138
250
795
319
277
760
316
160
926
119
139
802
334
637
959
52
140
530
942
895
532
107
551
50
997
403
555
530
998
552
439
369
895
453
975
20
907
573
632
791
876
353
11
582
774
776
397
2
967
332
568
989
579
1000
684
626
137
256
469
9
245
820
424
536
505
0
716
837
264
569
879
339
537
597
763
180
981
681
386
609
169
640
103
84
727
832
422
79
465
620
589
465
140
937
475
270
913
457
453
442
777
332
812
924
473
278
232
734
258
98
340
810
650
929
300
229
869
226
761
557
666
203
966
777
232
911
611
905
244
478
194
199
951
582
927
41
699
389
363
597
461
972
882
657
702
241
688
425
596
264
899
642
24
16
698
303
889
354
587
210
958
489
790
541
522
234
657
510
827
751
673
136
674
908
840
317
273
182
168
950
53
697
35
712
744
159
459
153
705
872
836
750
226
273
661
591
46
137
176
587
123
480
47
200
533
711
44
71
701
653
214
563
675
468
787
314
419
505
554
652
357
467
261
258
83
119
600
216
569
67
598
586
510
468
153
386
962
587
3
52
982
857
141
508
386
926
766
850
564
16
332
933
223
76
239
794
219
142
441
299
424
207
978
726
829
428
555
37
848
468
166
37
763
559
836
509
400
876
529
568
820
163
515
549
26
567
352
587
978
758
390
939
441
724
372
817
49
907
597
716
692
421
248
916
821
86
556
834
484
527
575
363
482
506
866
335
717
2
389
189
94
943
226
510
265
396
781
309
528
216
993
258
428
711
377
163
114
804
603
437
102
549
668
714
236
640
516
339
272
847
346
267
224
444
39
76
299
991
409
769
546
499
295
723
71
795
418
168
466
636
647
21
333
278
455
745
690
990
440
152
954
760
692
395
621
367
815
509
440
412
935
83
506
932
365
911
132
271
440
164
616
73
933
831
217
451
379
695
574
11
919
56
312
334
834
736
247
587
320
631
404
23
241
579
733
252
170
108
672
462
457
238
697
639
14
796
82
266
30
653
542
727
72
606
391
91
183
563
933
540
428
12
661
859
155
902
943
764
514
143
511
88
219
385
495
684
80
863
545
116
0
352
106
720
656
312
257
220
565
798
895
227
583
707
179
612
240
813
506
333
778
1
964
336
682
656
925
859
363
721
981
532
294
111
967
345
675
489
532
842
537
680
270
685
598
778
5
443
528
717
654
330
179
3
424
261
6
275
83
849
729
545
522
239
444
628
475
48
560
877
856
535
129
626
854
38
599
39
416
911
466
135
333
748
40
366
518
908
300
52
194
165
559
256
383
426
870
981
583
311
260
755
99
17
52
369
34
924
548
255
712
770
503
175
556
84
996
641
156
725
668
444
873
620
399
522
479
150
517
97
955
440
92
359
688
468
750
290
180
798
247
998
745
708
291
849
580
399
515
803
275
90
627
488
652
323
572
494
541
196
749
551
850
515
213
463
596
730
873
884
727
952
72
261
860
812
694
494
463
849
174
103
96
580
964
340
458
948
508
71
321
280
660
969
185
442
86
796
766
313
543
494
825
442
771
317
956
895
513
355
244
88
123
277
337
904
874
328
871
730
473
633
600
253
291
684
326
424
813
568
216
189
828
846
220
892
131
186
423
171
552
526
558
342
86
805
0
763
290
574
332
412
841
571
646
428
417
818
706
496
4
532
936
997
998
512
108
749
49
368
207
524
29
217
693
924
156
651
379
731
353
634
734
622
25
763
283
48
19
403
735
195
441
393
992
37
797
243
547
968
521
112
9
294
427
754
124
918
736
527
258
843
409
859
827
963
550
564
622
555
492
587
157
150
414
603
681
813
703
312
983
124
590
150
26
488
375
840
923
705
802
627
239
327
277
36
283
396
37
346
738
258
26
101
166
292
378
362
852
487
609
697
48
36
933
960
801
46
505
28
609
763
966
421
154
817
716
276
168
917
687
695
51
461
695
852
815
848
41
618
111
422
143
433
768
877
271
768
838
574
184
521
299
336
616
332
121
607
693
331
197
818
5
210
214
601
571
801
342
344
7
64
356
911
142
463
23
323
694
16
668
137
664
99
296
496
513
797
548
723
441
804
217
222
137
974
634
842
937
820
583
871
190
349
975
648
175
579
885
413
601
692
637
202
990
929
557
86
256
468
863
324
77
413
991
19
533
816
802
219
277
365
823
345
608
660
907
788
227
425
77
686
497
732
586
169
90
817
899
42
17
541
990
30
246
522
937
932
954
46
437
496
288
803
206
926
588
669
853
151
284
289
184
775
459
822
112
633
692
627
59
596
543
899
138
127
744
814
602
238
59
991
546
363
135
83
330
658
827
0
799
227
7
309
979
83
138
393
368
117
399
399
435
16
686
965
339
571
629
145
452
523
553
189
895
385
928
272
120
561
66
85
756
227
59
1
88
371
823
628
527
550
822
755
807
400
871
854
316
772
638
694
813
400
714
196
535
647
507
80
690
278
415
778
226
236
783
0
598
638
842
186
520
53
776
963
617
139
891
954
616
812
982
17
461
48
189
46
809
574
927
539
70
955
823
207
267
801
253
787
447
507
100
479
37
212
281
876
429
400
322
402
70
172
339
319
33
476
202
525
549
318
913
853
890
832
284
784
958
395
224
488
969
839
136
663
853
481
569
992
729
703
372
818
475
58
68
118
88
458
547
896
879
228
196
811
962
919
690
71
398
165
188
81
416
326
535
111
437
776
603
657
393
869
558
304
974
816
528
850
308
864
125
172
943
788
448
320
489
50
449
974
184
712
106
393
698
750
983
478
343
208
760
600
689
221
236
709
673
512
18
529
297
332
410
115
908
677
810
664
67
630
130
551
731
512
883
426
582
399
6
895
619
293
420
399
66
443
132
629
496
619
312
817
784
329
717
231
966
773
368
978
210
827
557
670
205
30
628
235
288
389
706
979
334
740
168
8
839
250
487
408
861
536
859
961
684
355
932
247
329
617
944
40
294
637
711
888
275
135
926
523
161
870
21
564
110
922
532
503
711
659
705
608
208
598
108
116
770
740
48
899
236
418
299
482
880
624
623
564
420
358
563
370
405
820
733
290
63
147
510
68
568
511
232
331
532
804
454
761
739
109
898
671
210
581
670
781
917
382
160
485
615
430
537
442
678
780
194
488
333
919
573
270
427
684
93
103
317
877
761
278
412
125
620
531
535
707
232
61
218
71
30
713
388
276
315
787
23
61
126
761
346
670
133
526
956
89
946
258
339
413
833
642
795
277
460
929
250
797
900
563
310
413
44
320
496
486
573
92
880
802
297
668
551
970
75
632
213
260
223
81
395
735
949
465
19
354
502
59
951
785
792
639
316
428
58
71
776
54
454
371
543
440
579
780
421
380
491
234
917
705
999
871
304
566
123
214
344
442
669
134
988
798
707
493
13
171
827
533
295
700
784
543
290
978
946
944
187
599
941
624
436
555
649
406
645
560
517
205
475
192
193
843
1000
899
706
709
366
792
619
963
143
275
119
113
467
447
416
429
366
518
194
676
267
445
130
950
549
567
824
662
245
553
412
94
385
546
265
984
933
205
73
894
964
363
759
231
129
714
646
315
767
962
965
912
92
839
765
513
906
369
412
396
351
36
766
810
564
664
863
661
458
423
198
813
891
946
880
899
932
674
332
630
422
420
432
703
188
499
449
381
361
413
593
596
198
189
5
924
981
840
650
139
77
958
514
11
879
934
721
228
714
53
277
151
921
581
518
797
283
15
919
795
116
813
681
567
794
122
454
320
630
593
254
256
50
418
707
207
845
909
403
716
441
611
122
668
401
60
817
797
965
483
957
740
864
407
930
729
62
773
71
163
473
374
772
168
88
711
979
659
522
174
787
706
733
669
347
188
969
878
398
947
6
354
241
688
850
909
65
881
585
848
123
569
817
566
505
150
497
38
161
575
138
909
200
186
865
849
745
730
543
777
536
75
43
852
497
648
77
753
227
406
331
884
189
194
931
216
702
117
504
171
401
708
741
277
180
734
505
601
471
796
540
375
240
394
629
760
553
320
575
779
349
601
663
714
213
650
638
567
608
838
991
912
209
500
600
319
470
300
973
879
260
368
190
544
201
492
974
693
74
681
392
284
248
342
333
736
718
557
787
795
618
193
230
623
878
667
545
534
20
220
983
995
420
444
691
495
843
73
412
767
39
659
866
705
7
890
279
117
326
757
714
4
922
711
622
501
864
144
894
353
251
943
901
292
362
766
790
699
266
692
937
195
794
725
828
201
123
617
563
381
237
632
844
440
592
236
12
773
873
409
518
873
527
766
485
419
809
31
787
24
840
283
192
750
729
301
661
337
90
276
639
559
959
249
295
333
703
792
112
701
774
361
49
120
683
367
150
580
848
212
211
479
78
630
217
240
131
560
508
605
613
208
615
770
634
694
536
318
535
454
20
904
952
442
406
586
291
276
966
18
145
29
147
590
765
426
969
508
72
214
798
429
72
659
256
171
184
58
263
225
576
209
22
240
954
575
999
629
599
667
860
68
939
156
167
225
90
686
528
753
723
132
719
431
849
462
453
482
695
389
196
22
520
894
263
192
843
168
56
600
63
824
213
98
307
543
402
245
516
802
634
680
96
995
482
632
267
831
544
721
502
10
606
401
269
723
74
